0.000701 0.18558
0.18558 0.510384
0.510384 0.272941
0.272941 0.669194
0.669194 0.162141
0.162141 0.913186
0.913186 0.110999
0.110999 0.281621
0.281621 0.288966
0.288966 0.302788
0.302788 0.694222
0.694222 0.755676
0.755676 0.718846
0.718846 0.929573
0.929573 0.15796
0.15796 0.870844
0.870844 0.872793
0.872793 0.285839
0.285839 0.169212
0.169212 0.761066
0.761066 0.742282
0.742282 0.266437
0.266437 0.264024
0.264024 0.024611
0.024611 0.855563
0.855563 0.259112
0.259112 0.286458
0.286458 0.576124
0.576124 0.283031
0.283031 0.289515
0.289515 0.304115
0.304115 0.365862
0.365862 0.056659
0.056659 0.345914
0.345914 0.375229
0.375229 0.091125
0.091125 0.378493
0.378493 0.008587
0.008587 0.542317
0.542317 0.024862
0.024862 0.993215
0.993215 0.508906
0.508906 0.427394
0.427394 0.08648
0.08648 0.099758
0.099758 0.343104
0.343104 0.80375
0.80375 0.279825
0.279825 0.176996
0.176996 0.565732
0.565732 0.519291
0.519291 0.623361
0.623361 0.098484
0.098484 0.887806
0.887806 0.146441
0.146441 0.697536
0.697536 0.911271
0.911271 0.704637
0.704637 0.733608
0.733608 0.934328
0.934328 0.653769
0.653769 0.178353
0.178353 0.033206
0.033206 0.773985
0.773985 0.587688
0.587688 0.500101
0.500101 0.581254
0.581254 0.813951
0.813951 0.219028
0.219028 0.456948
0.456948 0.00352
0.00352 0.074981
0.074981 0.483146
0.483146 0.428457
0.428457 0.923238
0.923238 0.509439
0.509439 0.468868
0.468868 0.937962
0.937962 0.845391
0.845391 0.876786
0.876786 0.056677
0.056677 0.88352
0.88352 0.392541
0.392541 0.11126
0.11126 0.84596
0.84596 0.573559
0.573559 0.267239
0.267239 0.306734
0.306734 0.746314
0.746314 0.692208
0.692208 0.315989
0.315989 0.44377
0.44377 0.60792
0.60792 0.319319
0.319319 0.06977
0.06977 0.983858
0.983858 0.265971
0.265971 0.130172
0.130172 0.136133
0.136133 0.455838
0.455838 0.374177
0.374177 0.899869
0.899869 0.817849
0.817849 0.159517
0.159517 0.402315
0.402315 0.437417
0.437417 0.333123
0.333123 0.111467
0.111467 0.172854
0.172854 0.0745
0.0745 0.012375
0.012375 0.358017
0.358017 0.31164
0.31164 0.83393
0.83393 0.846578
0.846578 0.780425
0.780425 0.987639
0.987639 0.402797
0.402797 0.76216
0.76216 0.517241
0.517241 0.316747
0.316747 0.035301
0.035301 0.997468
0.997468 0.128863
0.128863 0.804662
0.804662 0.510266
0.510266 0.955798
0.955798 0.62927
0.62927 0.203815
0.203815 0.268353
0.268353 0.909983
0.909983 0.509948
0.509948 0.159369
0.159369 0.853951
0.853951 0.933546
0.933546 0.881007
0.881007 0.019275
0.019275 0.786762
0.786762 0.433414
0.433414 0.854479
0.854479 0.183397
0.183397 0.988068
0.988068 0.659195
0.659195 0.294807
0.294807 0.36669
0.36669 0.886688
0.886688 0.56402
0.56402 0.061521
0.061521 0.151451
0.151451 0.329624
0.329624 0.391945
0.391945 0.869099
0.869099 0.203625
0.203625 0.422393
0.422393 0.366912
0.366912 0.889023
0.889023 0.528176
0.528176 0.424044
0.424044 0.858283
0.858283 0.21901
0.21901 0.138523
0.138523 0.82187
0.82187 0.397922
0.397922 0.344446
0.344446 0.515033
0.515033 0.710797
0.710797 0.923855
0.923855 0.716992
0.716992 0.227583
0.227583 0.60247
0.60247 0.625478
0.625478 0.575389
0.575389 0.097177
0.097177 0.789019
0.789019 0.765342
0.765342 0.133445
0.133445 0.271632
0.271632 0.386521
0.386521 0.852484
0.852484 0.260212
0.260212 0.590325
0.590325 0.18314
0.18314 0.542337
0.542337 0.777346
0.777346 0.613001
0.613001 0.41696
0.41696 0.638189
0.638189 0.498661
0.498661 0.687641
0.687641 0.608506
0.608506 0.569216
0.569216 0.136868
0.136868 0.4324
0.4324 0.572951
0.572951 0.720066
0.720066 0.202496
0.202496 0.0066
0.0066 0.737008
0.737008 0.987016
0.987016 0.02001
0.02001 0.545792
0.545792 0.885516
0.885516 0.935685
0.935685 0.98611
0.98611 0.135872
0.135872 0.462704
0.462704 0.935309
0.935309 0.19522
0.19522 0.70127
0.70127 0.553156
0.553156 0.644588
0.644588 0.557162
0.557162 0.182192
0.182192 0.667446
0.667446 0.224078
0.224078 0.53202
0.53202 0.375931
0.375931 0.457478
0.457478 0.650166
0.650166 0.607194
0.607194 0.817237
0.817237 0.486502
0.486502 0.50559
0.50559 0.641632
0.641632 0.07275
0.07275 0.178821
0.178821 0.621533
0.621533 0.202262
0.202262 0.824499
0.824499 0.074185
0.074185 0.946273
0.946273 0.017601
0.017601 0.117457
0.117457 0.511877
0.511877 0.015399
0.015399 0.673557
0.673557 0.146163
0.146163 0.869475
0.869475 0.398589
0.398589 0.676421
0.676421 0.955409
0.955409 0.481318
0.481318 0.497948
0.497948 0.008035
0.008035 0.429981
0.429981 0.361645
0.361645 0.072911
0.072911 0.298162
0.298162 0.94847
0.94847 0.857426
0.857426 0.86671
0.86671 0.739034
0.739034 0.076143
0.076143 0.355885
0.355885 0.709398
0.709398 0.867092
0.867092 0.671879
0.671879 0.171708
0.171708 0.47244
0.47244 0.336908
0.336908 0.78416
0.78416 0.738931
0.738931 0.249867
0.249867 0.812303
0.812303 0.711132
0.711132 0.232529
0.232529 0.140989
0.140989 0.099644
0.099644 0.59973
0.59973 0.744683
0.744683 0.009673
0.009673 0.648337
0.648337 0.958854
0.958854 0.140736
0.140736 0.595181
0.595181 0.543495
0.543495 0.461621
0.461621 0.719837
0.719837 0.349578
0.349578 0.115809
0.115809 0.411671
0.411671 0.805278
0.805278 0.376688
0.376688 0.293596
0.293596 0.24854
0.24854 0.389506
0.389506 0.847631
0.847631 0.822036
0.822036 0.467091
0.467091 0.958837
0.958837 0.267904
0.267904 0.474598
0.474598 0.326012
0.326012 0.622846
0.622846 0.971041
0.971041 0.381655
0.381655 0.720374
0.720374 0.67345
0.67345 0.213822
0.213822 0.601285
0.601285 0.593252
0.593252 0.69868
0.69868 0.248053
0.248053 0.057256
0.057256 0.261409
0.261409 0.376134
0.376134 0.743905
0.743905 0.969206
0.969206 0.030042
0.030042 0.071125
0.071125 0.93982
0.93982 0.900002
0.900002 0.471591
0.471591 0.364512
0.364512 0.893967
0.893967 0.545294
0.545294 0.743607
0.743607 0.635217
0.635217 0.212281
0.212281 0.390254
0.390254 0.320691
0.320691 0.822436
0.822436 0.628043
0.628043 0.358496
0.358496 0.515485
0.515485 0.492532
0.492532 0.808037
0.808037 0.578198
0.578198 0.163735
0.163735 0.335616
0.335616 0.760265
0.760265 0.390394
0.390394 0.848409
0.848409 0.216817
0.216817 0.218221
0.218221 0.724469
0.724469 0.03788
0.03788 0.90724
0.90724 0.376738
0.376738 0.965832
0.965832 0.513175
0.513175 0.61961
0.61961 0.35438
0.35438 0.440779
0.440779 0.459283
0.459283 0.473603
0.473603 0.757415
0.757415 0.643542
0.643542 0.595523
0.595523 0.015868
0.015868 0.720341
0.720341 0.330534
0.330534 0.719983
0.719983 0.919731
0.919731 0.797973
0.797973 0.606767
0.606767 0.043009
0.043009 0.989591
0.989591 0.084097
0.084097 0.129469
0.129469 0.684772
0.684772 0.595003
0.595003 0.931684
0.931684 0.553885
0.553885 0.71188
0.71188 0.659446
0.659446 0.649671
0.649671 0.346265
0.346265 0.08807
0.08807 0.32878
0.32878 0.551295
0.551295 0.089038
0.089038 0.913948
0.913948 0.444393
0.444393 0.729
0.729 0.403179
0.403179 0.330802
0.330802 0.94603
0.94603 0.930899
0.930899 0.612754
0.612754 0.463469
0.463469 0.329312
0.329312 0.913803
0.913803 0.276666
0.276666 0.777272
0.777272 0.282948
0.282948 0.647812
0.647812 0.712574
0.712574 0.224014
0.224014 0.630624
0.630624 0.747463
0.747463 0.638007
0.638007 0.552037
0.552037 0.702588
0.702588 0.504448
0.504448 0.053672
0.053672 0.155345
0.155345 0.261918
0.261918 0.896894
0.896894 0.493931
0.493931 0.836784
0.836784 0.110482
0.110482 0.950195
0.950195 0.769487
0.769487 0.860292
0.860292 0.499577
0.499577 0.824422
0.824422 0.327241
0.327241 0.667203
0.667203 0.470268
0.470268 0.003285
0.003285 0.352345
0.352345 0.631624
0.631624 0.248401
0.248401 0.95966
0.95966 0.737439
0.737439 0.229863
0.229863 0.819315
0.819315 0.672677
0.672677 0.044081
0.044081 0.998929
0.998929 0.807233
0.807233 0.371377
0.371377 0.581353
0.581353 0.659088
0.659088 0.784347
0.784347 0.879924
0.879924 0.726669
0.726669 0.775485
0.775485 0.134586
0.134586 0.939381
0.939381 0.613758
0.613758 0.333828
0.333828 0.59707
0.59707 0.881054
0.881054 0.312844
0.312844 0.605135
0.605135 0.614262
0.614262 0.026389
0.026389 0.628005
0.628005 0.674541
0.674541 0.609793
0.609793 0.188442
0.188442 0.636727
0.636727 0.009168
0.009168 0.320985
0.320985 0.649902
0.649902 0.096642
0.096642 0.440061
0.440061 0.311057
0.311057 0.992685
0.992685 0.844453
0.844453 0.933184
0.933184 0.78602
0.78602 0.154082
0.154082 0.312045
0.312045 0.524477
0.524477 0.841258
0.841258 0.084478
0.084478 0.28479
0.28479 0.793977
0.793977 0.262799
0.262799 0.381627
0.381627 0.027034
0.027034 0.254006
0.254006 0.008273
0.008273 0.27649
0.27649 0.899772
0.899772 0.026409
0.026409 0.49255
0.49255 0.345643
0.345643 0.595509
0.595509 0.18387
0.18387 0.803083
0.803083 0.325236
0.325236 0.115316
0.115316 0.13028
0.13028 0.969917
0.969917 0.401523
0.401523 0.613064
0.613064 0.39517
0.39517 0.415401
0.415401 0.352953
0.352953 0.231853
0.231853 0.217208
0.217208 0.708585
0.708585 0.91882
0.91882 0.057621
0.057621 0.291759
0.291759 0.749296
0.749296 0.769478
0.769478 0.31495
0.31495 0.057504
0.057504 0.506912
0.506912 0.453121
0.453121 0.930049
0.930049 0.897122
0.897122 0.438816
0.438816 0.69412
0.69412 0.585935
0.585935 0.627042
0.627042 0.713543
0.713543 0.417925
0.417925 0.394792
0.394792 0.651245
0.651245 0.363614
0.363614 0.877534
0.877534 0.312525
0.312525 0.15414
0.15414 0.493047
0.493047 0.256515
0.256515 0.420494
0.420494 0.707494
0.707494 0.664575
0.664575 0.123599
0.123599 0.199446
0.199446 0.666432
0.666432 0.591531
0.591531 0.113833
0.113833 0.920621
0.920621 0.72949
0.72949 0.259439
0.259439 0.211292
0.211292 0.279061
0.279061 0.037743
0.037743 0.602273
0.602273 0.008358
0.008358 0.394091
0.394091 0.187981
0.187981 0.858426
0.858426 0.316561
0.316561 0.301998
0.301998 0.534964
0.534964 0.731343
0.731343 0.503979
0.503979 0.065894
0.065894 0.157721
0.157721 0.479862
0.479862 0.934204
0.934204 0.627768
0.627768 0.864928
0.864928 0.063228
0.063228 0.881869
0.881869 0.527721
0.527721 0.61434
0.61434 0.465803
0.465803 0.299739
0.299739 0.615395
0.615395 0.721285
0.721285 0.32646
0.32646 0.812363
0.812363 0.878585
0.878585 0.231224
0.231224 0.997662
0.997662 0.311285
0.311285 0.51404
0.51404 0.831374
0.831374 0.159236
0.159236 0.526828
0.526828 0.36545
0.36545 0.676389
0.676389 0.111829
0.111829 0.95143
0.95143 0.853625
0.853625 0.503104
0.503104 0.87505
0.87505 0.489546
0.489546 0.523854
0.523854 0.409352
0.409352 0.215304
0.215304 0.209112
0.209112 0.33546
0.33546 0.671823
0.671823 0.728311
0.728311 0.569579
0.569579 0.818534
0.818534 0.97801
0.97801 0.101314
0.101314 0.501492
0.501492 0.222865
0.222865 0.447196
0.447196 0.679971
0.679971 0.712652
0.712652 0.784051
0.784051 0.815516
0.815516 0.464942
0.464942 0.595826
0.595826 0.231798
0.231798 0.160078
0.160078 0.663152
0.663152 0.113025
0.113025 0.665415
0.665415 0.537149
0.537149 0.918753
0.918753 0.031345
0.031345 0.921479
0.921479 0.909394
0.909394 0.348767
0.348767 0.885368
0.885368 0.558711
0.558711 0.737193
0.737193 0.508417
0.508417 0.041127
0.041127 0.585014
0.585014 0.609006
0.609006 0.411148
0.411148 0.236635
0.236635 0.051722
0.051722 0.285811
0.285811 0.728333
0.728333 0.973973
0.973973 0.64002
0.64002 0.534596
0.534596 0.293669
0.293669 0.137943
0.137943 0.364557
0.364557 0.12592
0.12592 0.037256
0.037256 0.216281
0.216281 0.519252
0.519252 0.370535
0.370535 0.474372
0.474372 0.49644
0.49644 0.990274
0.990274 0.570066
0.570066 0.873924
0.873924 0.613922
0.613922 0.061226
0.061226 0.756761
0.756761 0.231595
0.231595 0.827188
0.827188 0.835503
0.835503 0.097298
0.097298 0.172677
0.172677 0.394115
0.394115 0.400845
0.400845 0.335655
0.335655 0.909589
0.909589 0.425032
0.425032 0.861075
0.861075 0.650046
0.650046 0.379087
0.379087 0.587301
0.587301 0.360024
0.360024 0.298913
0.298913 0.684152
0.684152 0.036477
0.036477 0.222645
0.222645 0.430991
0.430991 0.965581
0.965581 0.949019
0.949019 0.338314
0.338314 0.434422
0.434422 0.828249
0.828249 0.031565
0.031565 0.911317
0.911317 0.199945
0.199945 0.447068
0.447068 0.38178
0.38178 0.703528
0.703528 0.673137
0.673137 0.477635
0.477635 0.075747
0.075747 0.89427
0.89427 0.070723
0.070723 0.89656
0.89656 0.856944
0.856944 0.682366
0.682366 0.135951
0.135951 0.896488
0.896488 0.301759
0.301759 0.75538
0.75538 0.80802
0.80802 0.960802
0.960802 0.836592
0.836592 0.75104
0.75104 0.680579
0.680579 0.243025
0.243025 0.981497
0.981497 0.835851
0.835851 0.624284
0.624284 0.375893
0.375893 0.195405
0.195405 0.525898
0.525898 0.948421
0.948421 0.835132
0.835132 0.697894
0.697894 0.874833
0.874833 0.476591
0.476591 0.982912
0.982912 0.642534
0.642534 0.15405
0.15405 0.911449
0.911449 0.91599
0.91599 0.016789
0.016789 0.15005
0.15005 0.863523
0.863523 0.243544
0.243544 0.643479
0.643479 0.203992
0.203992 0.919074
0.919074 0.919695
0.919695 0.658811
0.658811 0.118429
0.118429 0.122039
0.122039 0.255706
0.255706 0.841964
0.841964 0.056234
0.056234 0.245021
0.245021 0.236887
0.236887 0.171246
0.171246 0.556716
0.556716 0.224353
0.224353 0.269168
0.269168 0.981807
0.981807 0.793919
0.793919 0.134212
0.134212 0.480375
0.480375 0.099917
0.099917 0.20211
0.20211 0.074808
0.074808 0.701182
0.701182 0.328802
0.328802 0.593456
0.593456 0.34963
0.34963 0.25076
0.25076 0.661055
0.661055 0.892884
0.892884 0.30675
0.30675 0.652105
0.652105 0.59259
0.59259 0.615137
0.615137 0.219202
0.219202 0.402061
0.402061 0.913178
0.913178 0.209008
0.209008 0.579406
0.579406 0.921025
0.921025 0.348533
0.348533 0.393768
0.393768 0.182671
0.182671 0.807341
0.807341 0.428965
0.428965 0.612778
0.612778 0.374753
0.374753 0.521384
0.521384 0.959593
0.959593 0.729291
0.729291 0.838473
0.838473 0.624328
0.624328 0.467127
0.467127 0.089439
0.089439 0.294401
0.294401 0.696606
0.696606 0.998202
0.998202 0.07741
0.07741 0.490607
0.490607 0.061048
0.061048 0.644287
0.644287 0.28781
0.28781 0.856462
0.856462 0.435719
0.435719 0.168143
0.168143 0.440215
0.440215 0.195516
0.195516 0.641439
0.641439 0.106854
0.106854 0.160908
0.160908 0.792426
0.792426 0.488985
0.488985 0.726418
0.726418 0.756808
0.756808 0.308958
0.308958 0.970987
0.970987 0.202896
0.202896 0.106577
0.106577 0.844039
0.844039 0.883516
0.883516 0.405129
0.405129 0.793928
0.793928 0.532884
0.532884 0.002344
0.002344 0.654016
0.654016 0.608108
0.608108 0.060175
0.060175 0.938909
0.938909 0.833351
0.833351 0.536576
0.536576 0.46231
0.46231 0.800954
0.800954 0.227228
0.227228 0.374866
0.374866 0.593711
0.593711 0.782864
0.782864 0.459005
0.459005 0.078639
0.078639 0.632195
0.632195 0.81068
0.81068 0.90683
0.90683 0.982918
0.982918 0.998405
0.998405 0.366812
0.366812 0.970735
0.970735 0.013516
0.013516 0.064311
0.064311 0.619429
0.619429 0.566282
0.566282 0.015651
0.015651 0.025766
0.025766 0.981541
0.981541 0.219783
0.219783 0.324744
0.324744 0.314126
0.314126 0.224773
0.224773 0.140077
0.140077 0.704406
0.704406 0.921935
0.921935 0.272818
0.272818 0.641865
0.641865 0.776618
0.776618 0.01767
0.01767 0.799581
0.799581 0.295619
0.295619 0.069093
0.069093 0.224554
0.224554 0.757014
0.757014 0.179043
0.179043 0.804824
0.804824 0.938419
0.938419 0.957636
0.957636 0.605099
0.605099 0.558826
0.558826 0.059646
0.059646 0.836734
0.836734 0.701601
0.701601 0.907058
0.907058 0.514161
0.514161 0.519266
0.519266 0.217364
0.217364 0.19254
0.19254 0.938488
0.938488 0.316436
0.316436 0.929922
0.929922 0.533652
0.533652 0.903877
0.903877 0.776968
0.776968 0.029801
0.029801 0.199622
0.199622 0.054484
0.054484 0.418059
0.418059 0.856362
0.856362 0.478201
0.478201 0.534616
0.534616 0.261029
0.261029 0.360204
0.360204 0.160529
0.160529 0.080044
0.080044 0.296648
0.296648 0.667124
0.667124 0.768185
0.768185 0.148367
0.148367 0.005157
0.005157 0.118652
0.118652 0.647422
0.647422 0.463455
0.463455 0.055978
0.055978 0.164133
0.164133 0.055597
0.055597 0.348936
0.348936 0.312102
0.312102 0.479386
0.479386 0.364783
0.364783 0.22576
0.22576 0.264178
0.264178 0.686913
0.686913 0.507568
0.507568 0.648818
0.648818 0.019279
0.019279 0.052681
0.052681 0.790045
0.790045 0.257628
0.257628 0.969361
0.969361 0.53446
0.53446 0.196987
0.196987 0.016078
0.016078 0.264402
0.264402 0.556723
0.556723 0.314213
0.314213 0.116236
0.116236 0.215242
0.215242 0.887117
0.887117 0.993134
0.993134 0.92122
0.92122 0.751097
0.751097 0.989482
0.989482 0.882495
0.882495 0.322136
0.322136 0.056768
0.056768 0.22845
0.22845 0.952298
0.952298 0.884066
0.884066 0.514536
0.514536 0.300589
0.300589 0.134919
0.134919 0.156136
0.156136 0.075742
0.075742 0.267124
0.267124 0.208404
0.208404 0.520628
0.520628 0.187059
0.187059 0.56321
0.56321 0.046964
0.046964 0.956172
0.956172 0.396447
0.396447 0.358775
0.358775 0.363643
0.363643 0.089985
0.089985 0.763799
0.763799 0.64592
0.64592 0.070185
0.070185 0.914185
0.914185 0.201271
0.201271 0.427887
0.427887 0.379087
0.379087 0.541158
0.541158 0.868305
0.868305 0.384582
0.384582 0.772833
0.772833 0.372994
0.372994 0.746333
0.746333 0.389667
0.389667 0.965324
0.965324 0.059982
0.059982 0.518172
0.518172 0.254215
0.254215 0.980486
0.980486 0.623171
0.623171 0.877106
0.877106 0.071921
0.071921 0.473076
0.473076 0.115987
0.115987 0.390659
0.390659 0.540878
0.540878 0.416669
0.416669 0.19992
0.19992 0.044047
0.044047 0.636924
0.636924 0.28383
0.28383 0.009267
0.009267 0.588323
0.588323 0.013537
0.013537 0.843483
0.843483 0.679945
0.679945 0.818214
0.818214 0.503302
0.503302 0.700456
0.700456 0.917358
0.917358 0.904635
0.904635 0.095942
0.095942 0.702226
0.702226 0.978333
0.978333 0.906898
0.906898 0.767903
0.767903 0.337839
0.337839 0.442113
0.442113 0.58961
0.58961 0.538507
0.538507 0.254024
0.254024 0.145421
0.145421 0.669247
0.669247 0.127671
0.127671 0.013497
0.013497 0.656575
0.656575 0.615431
0.615431 0.590179
0.590179 0.220448
0.220448 0.663677
0.663677 0.131885
0.131885 0.301525
0.301525 0.138214
0.138214 0.651854
0.651854 0.442075
0.442075 0.670315
0.670315 0.924146
0.924146 0.244572
0.244572 0.504546
0.504546 0.95223
0.95223 0.606657
0.606657 0.584003
0.584003 0.282936
0.282936 0.540556
0.540556 0.929464
0.929464 0.125458
0.125458 0.195691
0.195691 0.108274
0.108274 0.188008
0.188008 0.220888
0.220888 0.870451
0.870451 0.976707
0.976707 0.183072
0.183072 0.866439
0.866439 0.328139
0.328139 0.085743
0.085743 0.416582
0.416582 0.989071
0.989071 0.721726
0.721726 0.940604
0.940604 0.654591
0.654591 0.647247
0.647247 0.754689
0.754689 0.910195
0.910195 0.982459
0.982459 0.520676
0.520676 0.904157
0.904157 0.251996
0.251996 0.477214
0.477214 0.06412
0.06412 0.573743
0.573743 0.238537
0.238537 0.622104
0.622104 0.70027
0.70027 0.301062
0.301062 0.760416
0.760416 0.588334
0.588334 0.426675
0.426675 0.144938
0.144938 0.780897
0.780897 0.508994
0.508994 0.211738
0.211738 0.377299
0.377299 0.017057
0.017057 0.870169
0.870169 0.55478
0.55478 0.604761
0.604761 0.222502
0.222502 0.144243
0.144243 0.585155
0.585155 0.444895
0.444895 0.446647
0.446647 0.790386
0.790386 0.075435
0.075435 0.882185
0.882185 0.645551
0.645551 0.747228
0.747228 0.743661
0.743661 0.42867
0.42867 0.019324
0.019324 0.542725
0.542725 0.219644
0.219644 0.214284
0.214284 0.45109
0.45109 0.146209
0.146209 0.05034
0.05034 0.131863
0.131863 0.422514
0.422514 0.687626
0.687626 0.119286
0.119286 0.161864
0.161864 0.78089
0.78089 0.168962
0.168962 0.855092
0.855092 0.001753
0.001753 0.732799
0.732799 0.292854
0.292854 0.603999
0.603999 0.125089
0.125089 0.439317
0.439317 0.533396
0.533396 0.541506
0.541506 0.395291
0.395291 0.587798
0.587798 0.574123
0.574123 0.498047
0.498047 0.359099
0.359099 0.31521
0.31521 0.238186
0.238186 0.07374
0.07374 0.344717
0.344717 0.858041
0.858041 0.035719
0.035719 0.417197
0.417197 0.489643
0.489643 0.303758
0.303758 0.453388
0.453388 0.043393
0.043393 0.823191
0.823191 0.818841
0.818841 0.11113
0.11113 0.065599
0.065599 0.528698
0.528698 0.72837
0.72837 0.911076
0.911076 0.216379
0.216379 0.510417
0.510417 0.822175
0.822175 0.303667
0.303667 0.032651
0.032651 0.390099
0.390099 0.262554
0.262554 0.795955
0.795955 0.579805
0.579805 0.058264
0.058264 0.46855
0.46855 0.82709
0.82709 0.089886
0.089886 0.905159
0.905159 0.35179
0.35179 0.135996
0.135996 0.888843
0.888843 0.856397
0.856397 0.278887
0.278887 0.746234
0.746234 0.987836
0.987836 0.338298
0.338298 0.135407
0.135407 0.693055
0.693055 0.713608
0.713608 0.297898
0.297898 0.866391
0.866391 0.617633
0.617633 0.752916
0.752916 0.402665
0.402665 0.868454
0.868454 0.353499
0.353499 0.98603
0.98603 0.54489
0.54489 0.608427
0.608427 0.630145
0.630145 0.484291
0.484291 0.775768
0.775768 0.843581
0.843581 0.018833
0.018833 0.046731
0.046731 0.794167
0.794167 0.818396
0.818396 0.245577
0.245577 0.650757
0.650757 0.11509
0.11509 0.812907
0.812907 0.996323
0.996323 0.191899
0.191899 0.042814
0.042814 0.417607
0.417607 0.339311
0.339311 0.887615
0.887615 0.573724
0.573724 0.909903
0.909903 0.889623
0.889623 0.720164
0.720164 0.353835
0.353835 0.107156
0.107156 0.840926
0.840926 0.293542
0.293542 0.815993
0.815993 0.071259
0.071259 0.989396
0.989396 0.479473
0.479473 0.621775
0.621775 0.039799
0.039799 0.874829
0.874829 0.227472
0.227472 0.533072
0.533072 0.958764
0.958764 0.163945
0.163945 0.913963
0.913963 0.838351
0.838351 0.991827
0.991827 0.400873
0.400873 0.605465
0.605465 0.45862
0.45862 0.38118
0.38118 0.249832
0.249832 0.610838
0.610838 0.858068
0.858068 0.034941
0.034941 0.354987
0.354987 0.697588
0.697588 0.8844
0.8844 0.216115
0.216115 0.942507
0.942507 0.347243
0.347243 0.663853
0.663853 0.708127
0.708127 0.289798
0.289798 0.424783
0.424783 0.675906
0.675906 0.831903
0.831903 0.186931
0.186931 0.63714
0.63714 0.132674
0.132674 0.689531
0.689531 0.515257
0.515257 0.15575
0.15575 0.787988
0.787988 0.009472
0.009472 0.068204
0.068204 0.778182
0.778182 0.301167
0.301167 0.968336
0.968336 0.739267
0.739267 0.003815
0.003815 0.280475
0.280475 0.364224
0.364224 0.202185
0.202185 0.398589
0.398589 0.131262
0.131262 0.516632
0.516632 0.208302
0.208302 0.62381
0.62381 0.833801
0.833801 0.26791
0.26791 0.62612
0.62612 0.504022
0.504022 0.775805
0.775805 0.461296
0.461296 0.348036
0.348036 0.508943
0.508943 0.764634
0.764634 0.270502
0.270502 0.189268
0.189268 0.024459
0.024459 0.344188
0.344188 0.755866
0.755866 0.903969
0.903969 0.78768
0.78768 0.541493
0.541493 0.02207
0.02207 0.443525
0.443525 0.861067
0.861067 0.167968
0.167968 0.352414
0.352414 0.582048
0.582048 0.520612
0.520612 0.800381
0.800381 0.694658
0.694658 0.034047
0.034047 0.433083
0.433083 0.566496
0.566496 0.873422
0.873422 0.189295
0.189295 0.497336
0.497336 0.860404
0.860404 0.904155
0.904155 0.589877
0.589877 0.724683
0.724683 0.112542
0.112542 0.783657
0.783657 0.274431
0.274431 0.533327
0.533327 0.7394
0.7394 0.132174
0.132174 0.114571
0.114571 0.831859
0.831859 0.397918
0.397918 0.062047
0.062047 0.268503
0.268503 0.266815
0.266815 0.669563
0.669563 0.647927
0.647927 0.876822
0.876822 0.009298
0.009298 0.299104
0.299104 0.373555
0.373555 0.125504
0.125504 0.455659
0.455659 0.113065
0.113065 0.930098
0.930098 0.801082
0.801082 0.217248
0.217248 0.742872
0.742872 0.741054
0.741054 0.463004
0.463004 0.77422
0.77422 0.277685
0.277685 0.588716
0.588716 0.358192
0.358192 0.168404
0.168404 0.971915
0.971915 0.717201
0.717201 0.202772
0.202772 0.110239
0.110239 0.132433
0.132433 0.787036
0.787036 0.956004
0.956004 0.874772
0.874772 0.310466
0.310466 0.056315
0.056315 0.711398
0.711398 0.361712
0.361712 0.923174
0.923174 0.16341
0.16341 0.830008
0.830008 0.694554
0.694554 0.429927
0.429927 0.88625
0.88625 0.440926
0.440926 0.733762
0.733762 0.188253
0.188253 0.253161
0.253161 0.433954
0.433954 0.879016
0.879016 0.114493
0.114493 0.380269
0.380269 0.06947
0.06947 0.535517
0.535517 0.274121
0.274121 0.410462
0.410462 0.330479
0.330479 0.619365
0.619365 0.526776
0.526776 0.92892
0.92892 0.141847
0.141847 0.476984
0.476984 0.350959
0.350959 0.230206
0.230206 0.581732
0.581732 0.593626
0.593626 0.973434
0.973434 0.811913
0.811913 0.210194
0.210194 0.465924
0.465924 0.928304
0.928304 0.469885
0.469885 0.639999
0.639999 0.013515
0.013515 0.170789
0.170789 0.369991
0.369991 0.474602
0.474602 0.904726
0.904726 0.870673
0.870673 0.471466
0.471466 0.738327
0.738327 0.171314
0.171314 0.010458
0.010458 0.67681
0.67681 0.923731
0.923731 0.487283
0.487283 0.913189
0.913189 0.083258
0.083258 0.781151
0.781151 0.486746
0.486746 0.824977
0.824977 0.710807
0.710807 0.975445
0.975445 0.495867
0.495867 0.677205
0.677205 0.081799
0.081799 0.734917
0.734917 0.053851
0.053851 0.153423
0.153423 0.027083
0.027083 0.61743
0.61743 0.598006
0.598006 0.185929
0.185929 0.093721
0.093721 0.518707
0.518707 0.687861
0.687861 0.007041
0.007041 0.929272
0.929272 0.04782
0.04782 0.143354
0.143354 0.880051
0.880051 0.017628
0.017628 0.394866
0.394866 0.472074
0.472074 0.634871
0.634871 0.141418
0.141418 0.815826
0.815826 0.96057
0.96057 0.133365
0.133365 0.945974
0.945974 0.859624
0.859624 0.804727
0.804727 0.789369
0.789369 0.979853
0.979853 0.462357
0.462357 0.654193
0.654193 0.268396
0.268396 0.586935
0.586935 0.033725
0.033725 0.945878
0.945878 0.492034
0.492034 0.025066
0.025066 0.660644
0.660644 0.401513
0.401513 0.072025
0.072025 0.186283
0.186283 0.553048
0.553048 0.064272
0.064272 0.299035
0.299035 0.293582
0.293582 0.856871
0.856871 0.249452
0.249452 0.811113
0.811113 0.949265
0.949265 0.959234
0.959234 0.784224
0.784224 0.066832
0.066832 0.909837
0.909837 0.410795
0.410795 0.911435
0.911435 0.748125
0.748125 0.962475
0.962475 0.590311
0.590311 0.232487
0.232487 0.217803
0.217803 0.278052
0.278052 0.23637
0.23637 0.064265
0.064265 0.15676
0.15676 0.615729
0.615729 0.971319
0.971319 0.585134
0.585134 0.50587
0.50587 0.754106
0.754106 0.942376
0.942376 0.145
0.145 0.837569
0.837569 0.52394
0.52394 0.704934
0.704934 0.114427
0.114427 0.282123
0.282123 0.817416
0.817416 0.473044
0.473044 0.647825
0.647825 0.133585
0.133585 0.948995
0.948995 0.862095
0.862095 0.735694
0.735694 0.260443
0.260443 0.742809
0.742809 0.248675
0.248675 0.920932
0.920932 0.445947
0.445947 0.721629
0.721629 0.872626
0.872626 0.054207
0.054207 0.783132
0.783132 0.772394
0.772394 0.806274
0.806274 0.463389
0.463389 0.249523
0.249523 0.663298
0.663298 0.915863
0.915863 0.912051
0.912051 0.586532
0.586532 0.787444
0.787444 0.940165
0.940165 0.722021
0.722021 0.608538
0.608538 0.508058
0.508058 0.811281
0.811281 0.435006
0.435006 0.066655
0.066655 0.480266
0.480266 0.342627
0.342627 0.388277
0.388277 0.192195
0.192195 0.324434
0.324434 0.409113
0.409113 0.579415
0.579415 0.044806
0.044806 0.026074
0.026074 0.744507
0.744507 0.195116
0.195116 0.790306
0.790306 0.437303
0.437303 0.480983
0.480983 0.179065
0.179065 0.033206
0.033206 0.254873
0.254873 0.555857
0.555857 0.21387
0.21387 0.328912
0.328912 0.849761
0.849761 0.110522
0.110522 0.492058
0.492058 0.000621
0.000621 0.323323
0.323323 0.00655
0.00655 0.65113
0.65113 0.385907
0.385907 0.165005
0.165005 0.584002
0.584002 0.247688
0.247688 0.637984
0.637984 0.886622
0.886622 0.786909
0.786909 0.145613
0.145613 0.206669
0.206669 0.008201
0.008201 0.780953
0.780953 0.193315
0.193315 0.124022
0.124022 0.770377
0.770377 0.18833
0.18833 0.56504
0.56504 0.21968
0.21968 0.948365
0.948365 0.064796
0.064796 0.141241
0.141241 0.390878
0.390878 0.14248
0.14248 0.74391
0.74391 0.303012
0.303012 0.052153
0.052153 0.920235
0.920235 0.673459
0.673459 0.515584
0.515584 0.88974
0.88974 0.184985
0.184985 0.36907
0.36907 0.075884
0.075884 0.045654
0.045654 0.146147
0.146147 0.610011
0.610011 0.399154
0.399154 0.856462
0.856462 0.265978
0.265978 0.002179
0.002179 0.219637
0.219637 0.271734
0.271734 0.55791
0.55791 0.033279
0.033279 0.080325
0.080325 0.077193
0.077193 0.611458
0.611458 0.745182
0.745182 0.486761
0.486761 0.047545
0.047545 0.71868
0.71868 0.148479
0.148479 0.099916
0.099916 0.153999
0.153999 0.477208
0.477208 0.504221
0.504221 0.34312
0.34312 0.951472
0.951472 0.244836
0.244836 0.597839
0.597839 0.79806
0.79806 0.270488
0.270488 0.820671
0.820671 0.130264
0.130264 0.764835
0.764835 0.338756
0.338756 0.727853
0.727853 0.351222
0.351222 0.361082
0.361082 0.457439
0.457439 0.472826
0.472826 0.059727
0.059727 0.535155
0.535155 0.357115
0.357115 0.156182
0.156182 0.096754
0.096754 0.368374
0.368374 0.35842
0.35842 0.810061
0.810061 0.455102
0.455102 0.041332
0.041332 0.462377
0.462377 0.837118
0.837118 0.131447
0.131447 0.839268
0.839268 0.49542
0.49542 0.926049
0.926049 0.845579
0.845579 0.571499
0.571499 0.434097
0.434097 0.818681
0.818681 0.751826
0.751826 0.779915
0.779915 0.034469
0.034469 0.303625
0.303625 0.267671
0.267671 0.11154
0.11154 0.891188
0.891188 0.811489
0.811489 0.14455
0.14455 0.230153
0.230153 0.051267
0.051267 0.986658
0.986658 0.905842
0.905842 0.641971
0.641971 0.307541
0.307541 0.610631
0.610631 0.777043
0.777043 0.810392
0.810392 0.296805
0.296805 0.251926
0.251926 0.23313
0.23313 0.934809
0.934809 0.527653
0.527653 0.017544
0.017544 0.288114
0.288114 0.768478
0.768478 0.462993
0.462993 0.780995
0.780995 0.651773
0.651773 0.850452
0.850452 0.782254
0.782254 0.261889
0.261889 0.878583
0.878583 0.526578
0.526578 0.948284
0.948284 0.332088
0.332088 0.63383
0.63383 0.134552
0.134552 0.203927
0.203927 0.923423
0.923423 0.201908
0.201908 0.728047
0.728047 0.123298
0.123298 0.911966
0.911966 0.361812
0.361812 0.714889
0.714889 0.842736
0.842736 0.353876
0.353876 0.75481
0.75481 0.784308
0.784308 0.09645
0.09645 0.447797
0.447797 0.869305
0.869305 0.498246
0.498246 0.18185
0.18185 0.598826
0.598826 0.767892
0.767892 0.921725
0.921725 0.97957
0.97957 0.959038
0.959038 0.681592
0.681592 0.667286
0.667286 0.15317
0.15317 0.819575
0.819575 0.596275
0.596275 0.728479
0.728479 0.653534
0.653534 0.229303
0.229303 0.95628
0.95628 0.477427
0.477427 0.65295
0.65295 0.215021
0.215021 0.610211
0.610211 0.201442
0.201442 0.033884
0.033884 0.978242
0.978242 0.123927
0.123927 0.553714
0.553714 0.557428
0.557428 0.443533
0.443533 0.585718
0.585718 0.293052
0.293052 0.836455
0.836455 0.533416
0.533416 0.028666
0.028666 0.687697
0.687697 0.238444
0.238444 0.544832
0.544832 0.595198
0.595198 0.958189
0.958189 0.843002
0.843002 0.00217
0.00217 0.568825
0.568825 0.134304
0.134304 0.57907
0.57907 0.361858
0.361858 0.398066
0.398066 0.701049
0.701049 0.66682
0.66682 0.943511
0.943511 0.83756
0.83756 0.408719
0.408719 0.489234
0.489234 0.46265
0.46265 0.331373
0.331373 0.62202
0.62202 0.018375
0.018375 0.539979
0.539979 0.763476
0.763476 0.583251
0.583251 0.921344
0.921344 0.562221
0.562221 0.700432
0.700432 0.964555
0.964555 0.470923
0.470923 0.269524
0.269524 0.251251
0.251251 0.084218
0.084218 0.385912
0.385912 0.444428
0.444428 0.669444
0.669444 0.16205
0.16205 0.726141
0.726141 0.077385
0.077385 0.822262
0.822262 0.988812
0.988812 0.967182
0.967182 0.383854
0.383854 0.652119
0.652119 0.384716
0.384716 0.379745
0.379745 0.047955
0.047955 0.75521
0.75521 0.821982
0.821982 0.838755
0.838755 0.067679
0.067679 0.202307
0.202307 0.586458
0.586458 0.187124
0.187124 0.576668
0.576668 0.726748
0.726748 0.853306
0.853306 0.279209
0.279209 0.017555
0.017555 0.404616
0.404616 0.051744
0.051744 0.828956
0.828956 0.041865
0.041865 0.9521
0.9521 0.893863
0.893863 0.18773
0.18773 0.511481
0.511481 0.765044
0.765044 0.442486
0.442486 0.176838
0.176838 0.976672
0.976672 0.825691
0.825691 0.593114
0.593114 0.099733
0.099733 0.005681
0.005681 0.6016
0.6016 0.344911
0.344911 0.05891
0.05891 0.740878
0.740878 0.061768
0.061768 0.235772
0.235772 0.702489
0.702489 0.056474
0.056474 0.934928
0.934928 0.316438
0.316438 0.525482
0.525482 0.692803
0.692803 0.335032
0.335032 0.038681
0.038681 0.850751
0.850751 0.742154
0.742154 0.878934
0.878934 0.432552
0.432552 0.614654
0.614654 0.86118
0.86118 0.421252
0.421252 0.947686
0.947686 0.082374
0.082374 0.58486
0.58486 0.531414
0.531414 0.333679
0.333679 0.617944
0.617944 0.117026
0.117026 0.837901
0.837901 0.934514
0.934514 0.633948
0.633948 0.972456
0.972456 0.364671
0.364671 0.772063
0.772063 0.845917
0.845917 0.84552
0.84552 0.984774
0.984774 0.793643
0.793643 0.956414
0.956414 0.080402
0.080402 0.116149
0.116149 0.658638
0.658638 0.893801
0.893801 0.117874
0.117874 0.784616
0.784616 0.439182
0.439182 0.730696
0.730696 0.293633
0.293633 0.17905
0.17905 0.609906
0.609906 0.407119
0.407119 0.363211
0.363211 0.823746
0.823746 0.701743
0.701743 0.383323
0.383323 0.12843
0.12843 0.492966
0.492966 0.994807
0.994807 0.347313
0.347313 0.540438
0.540438 0.992682
0.992682 0.625318
0.625318 0.102054
0.102054 0.654295
0.654295 0.934498
0.934498 0.481602
0.481602 0.757366
0.757366 0.810125
0.810125 0.626766
0.626766 0.26415
0.26415 0.351505
0.351505 0.415831
0.415831 0.207885
0.207885 0.084739
0.084739 0.027431
0.027431 0.706375
0.706375 0.146791
0.146791 0.979615
0.979615 0.88877
0.88877 0.854612
0.854612 0.235629
0.235629 0.711736
0.711736 0.660453
0.660453 0.8087
0.8087 0.199621
0.199621 0.237089
0.237089 0.279051
0.279051 0.231059
0.231059 0.049115
0.049115 0.210051
0.210051 0.537794
0.537794 0.913901
0.913901 0.298822
0.298822 0.90283
0.90283 0.911278
0.911278 0.046317
0.046317 0.179244
0.179244 0.913957
0.913957 0.68486
0.68486 0.707935
0.707935 0.965284
0.965284 0.040847
0.040847 0.513739
0.513739 0.964128
0.964128 0.547051
0.547051 0.69142
0.69142 0.536726
0.536726 0.937797
0.937797 0.367844
0.367844 0.209782
0.209782 0.169701
0.169701 0.232706
0.232706 0.854333
0.854333 0.490973
0.490973 0.703757
0.703757 0.083391
0.083391 0.463916
0.463916 0.259777
0.259777 0.833036
0.833036 0.606615
0.606615 0.474275
0.474275 0.388589
0.388589 0.23724
0.23724 0.529406
0.529406 0.640111
0.640111 0.629354
0.629354 0.343847
0.343847 0.768638
0.768638 0.842073
0.842073 0.134558
0.134558 0.395001
0.395001 0.237191
0.237191 0.852866
0.852866 0.14229
0.14229 0.944093
0.944093 0.25166
0.25166 0.345559
0.345559 0.200361
0.200361 0.907036
0.907036 0.916632
0.916632 0.269066
0.269066 0.30449
0.30449 0.293214
0.293214 0.860534
0.860534 0.715828
0.715828 0.325546
0.325546 0.741134
0.741134 0.698024
0.698024 0.406671
0.406671 0.100862
0.100862 0.983753
0.983753 0.593964
0.593964 0.91786
0.91786 0.564602
0.564602 0.368502
0.368502 0.303945
0.303945 0.775338
0.775338 0.292196
0.292196 0.556987
0.556987 0.066376
0.066376 0.541149
0.541149 0.833835
0.833835 0.529389
0.529389 0.721137
0.721137 0.017052
0.017052 0.212032
0.212032 0.018544
0.018544 0.429793
0.429793 0.690324
0.690324 0.958242
0.958242 0.498713
0.498713 0.372374
0.372374 0.546745
0.546745 0.063542
0.063542 0.854037
0.854037 0.795711
0.795711 0.375777
0.375777 0.218385
0.218385 0.851684
0.851684 0.788342
0.788342 0.692923
0.692923 0.7164
0.7164 0.544681
0.544681 0.156974
0.156974 0.404284
0.404284 0.39727
0.39727 0.729431
0.729431 0.779512
0.779512 0.338292
0.338292 0.00366
0.00366 0.582924
0.582924 0.809648
0.809648 0.769637
0.769637 0.327218
0.327218 0.604626
0.604626 0.108014
0.108014 0.060381
0.060381 0.518629
0.518629 0.988067
0.988067 0.274896
0.274896 0.543261
0.543261 0.936741
0.936741 0.547108
0.547108 0.659514
0.659514 0.77217
0.77217 0.911744
0.911744 0.321895
0.321895 0.720856
0.720856 0.264844
0.264844 0.797419
0.797419 0.989509
0.989509 0.115088
0.115088 0.862713
0.862713 0.687445
0.687445 0.204294
0.204294 0.884512
0.884512 0.832961
0.832961 0.170771
0.170771 0.99288
0.99288 0.123097
0.123097 0.837761
0.837761 0.501051
0.501051 0.328885
0.328885 0.49357
0.49357 0.8957
0.8957 0.555136
0.555136 0.012314
0.012314 0.971064
0.971064 0.460392
0.460392 0.955635
0.955635 0.97864
0.97864 0.188336
0.188336 0.741282
0.741282 0.73254
0.73254 0.162573
0.162573 0.757543
0.757543 0.391631
0.391631 0.8989
0.8989 0.041516
0.041516 0.943586
0.943586 0.688693
0.688693 0.315578
0.315578 0.983711
0.983711 0.064003
0.064003 0.331079
0.331079 0.220051
0.220051 0.526071
0.526071 0.990445
0.990445 0.978306
0.978306 0.794287
0.794287 0.7067
0.7067 0.126694
0.126694 0.657535
0.657535 0.146673
0.146673 0.577097
0.577097 0.238261
0.238261 0.162502
0.162502 0.083018
0.083018 0.019055
0.019055 0.50853
0.50853 0.569623
0.569623 0.041606
0.041606 0.991239
0.991239 0.196479
0.196479 0.996303
0.996303 0.567317
0.567317 0.33046
0.33046 0.270956
0.270956 0.726416
0.726416 0.699815
0.699815 0.232625
0.232625 0.396517
0.396517 0.82799
0.82799 0.650792
0.650792 0.538391
0.538391 0.64583
0.64583 0.388061
0.388061 0.145274
0.145274 0.948487
0.948487 0.31364
0.31364 0.489731
0.489731 0.801996
0.801996 0.293741
0.293741 0.207295
0.207295 0.056403
0.056403 0.927832
0.927832 0.984786
0.984786 0.788837
0.788837 0.688208
0.688208 0.101296
0.101296 0.766449
0.766449 0.543653
0.543653 0.615615
0.615615 0.920094
0.920094 0.901841
0.901841 0.950693
0.950693 0.895237
0.895237 0.287752
0.287752 0.91112
0.91112 0.429242
0.429242 0.972815
0.972815 0.614294
0.614294 0.989951
0.989951 0.637267
0.637267 0.738396
0.738396 0.30599
0.30599 0.23265
0.23265 0.496311
0.496311 0.198697
0.198697 0.919167
0.919167 0.785018
0.785018 0.317965
0.317965 0.891652
0.891652 0.353077
0.353077 0.051857
0.051857 0.406891
0.406891 0.168155
0.168155 0.456832
0.456832 0.084179
0.084179 0.515415
0.515415 0.465981
0.465981 0.425397
0.425397 0.2711
0.2711 0.524677
0.524677 0.700905
0.700905 0.359656
0.359656 0.461422
0.461422 0.727345
0.727345 0.899998
0.899998 0.365525
0.365525 0.639904
0.639904 0.086896
0.086896 0.202116
0.202116 0.56714
0.56714 0.283218
0.283218 0.848453
0.848453 0.350577
0.350577 0.409103
0.409103 0.520591
0.520591 0.876187
0.876187 0.803027
0.803027 0.622787
0.622787 0.224143
0.224143 0.092286
0.092286 0.583482
0.583482 0.231712
0.231712 0.153899
0.153899 0.392475
0.392475 0.001578
0.001578 0.970977
0.970977 0.282502
0.282502 0.413113
0.413113 0.363986
0.363986 0.495753
0.495753 0.424607
0.424607 0.524842
0.524842 0.803034
0.803034 0.753846
0.753846 0.295959
0.295959 0.427802
0.427802 0.347501
0.347501 0.897316
0.897316 0.127165
0.127165 0.723408
0.723408 0.360608
0.360608 0.10816
0.10816 0.957154
0.957154 0.837692
0.837692 0.470197
0.470197 0.713059
0.713059 0.731315
0.731315 0.671202
0.671202 0.116089
0.116089 0.962186
0.962186 0.329336
0.329336 0.350471
0.350471 0.839636
0.839636 0.847079
0.847079 0.647717
0.647717 0.456039
0.456039 0.440462
0.440462 0.332572
0.332572 0.861982
0.861982 0.102048
0.102048 0.125387
0.125387 0.377792
0.377792 0.993573
0.993573 0.242392
0.242392 0.77454
0.77454 0.121219
0.121219 0.906428
0.906428 0.578432
0.578432 0.449659
0.449659 0.604804
0.604804 0.858254
0.858254 0.443272
0.443272 0.269582
0.269582 0.412157
0.412157 0.731485
0.731485 0.037602
0.037602 0.77792
0.77792 0.595788
0.595788 0.068924
0.068924 0.392098
0.392098 0.927923
0.927923 0.268421
0.268421 0.039075
0.039075 0.431387
0.431387 0.809527
0.809527 0.233358
0.233358 0.456164
0.456164 0.514575
0.514575 0.243597
0.243597 0.028922
0.028922 0.979846
0.979846 0.827337
0.827337 0.368348
0.368348 0.761945
0.761945 0.619599
0.619599 0.000569
0.000569 0.342962
0.342962 0.105329
0.105329 0.668805
0.668805 0.330601
0.330601 0.293386
0.293386 0.83467
0.83467 0.193522
0.193522 0.975979
0.975979 0.625325
0.625325 0.278937
0.278937 0.200938
0.200938 0.5058
0.5058 0.829409
0.829409 0.060221
0.060221 0.612518
0.612518 0.174616
0.174616 0.903567
0.903567 0.497545
0.497545 0.166836
0.166836 0.298901
0.298901 0.51757
0.51757 0.04973
0.04973 0.377091
0.377091 0.110076
0.110076 0.04477
0.04477 0.172332
0.172332 0.66832
0.66832 0.459098
0.459098 0.586032
0.586032 0.96364
0.96364 0.819287
0.819287 0.747614
0.747614 0.110839
0.110839 0.974731
0.974731 0.834069
0.834069 0.460677
0.460677 0.840598
0.840598 0.558592
0.558592 0.368321
0.368321 0.676021
0.676021 0.999126
0.999126 0.133303
0.133303 0.835239
0.835239 0.924902
0.924902 0.05533
0.05533 0.734287
0.734287 0.3162
0.3162 0.779499
0.779499 0.583062
0.583062 0.230614
0.230614 0.401095
0.401095 0.541881
0.541881 0.863178
0.863178 0.580372
0.580372 0.08335
0.08335 0.409533
0.409533 0.352772
0.352772 0.500106
0.500106 0.83463
0.83463 0.492446
0.492446 0.146604
0.146604 0.923309
0.923309 0.984239
0.984239 0.05677
0.05677 0.55571
0.55571 0.62298
0.62298 0.528194
0.528194 0.370027
0.370027 0.928206
0.928206 0.37325
0.37325 0.493003
0.493003 0.522891
0.522891 0.837276
0.837276 0.025061
0.025061 0.979115
0.979115 0.602526
0.602526 0.761345
0.761345 0.870915
0.870915 0.009071
0.009071 0.592489
0.592489 0.381445
0.381445 0.673681
0.673681 0.30533
0.30533 0.374193
0.374193 0.620766
0.620766 0.734466
0.734466 0.122792
0.122792 0.204939
0.204939 0.551392
0.551392 0.37455
0.37455 0.261004
0.261004 0.047501
0.047501 0.293228
0.293228 0.20638
0.20638 0.381055
0.381055 0.126279
0.126279 0.030115
0.030115 0.56863
0.56863 0.752158
0.752158 0.085019
0.085019 0.268127
0.268127 0.500324
0.500324 0.552918
0.552918 0.121081
0.121081 0.461062
0.461062 0.629016
0.629016 0.852293
0.852293 0.47129
0.47129 0.128119
0.128119 0.348036
0.348036 0.395233
0.395233 0.624328
0.624328 0.588756
0.588756 0.657803
0.657803 0.318017
0.318017 0.634705
0.634705 0.439748
0.439748 0.046191
0.046191 0.918269
0.918269 0.913286
0.913286 0.899418
0.899418 0.782967
0.782967 0.604667
0.604667 0.869378
0.869378 0.144068
0.144068 0.003282
0.003282 0.151338
0.151338 0.779384
0.779384 0.761592
0.761592 0.955237
0.955237 0.381937
0.381937 0.257018
0.257018 0.447273
0.447273 0.786495
0.786495 0.408419
0.408419 0.700084
0.700084 0.066775
0.066775 0.244971
0.244971 0.549499
0.549499 0.08881
0.08881 0.211316
0.211316 0.668579
0.668579 0.053787
0.053787 0.510758
0.510758 0.370034
0.370034 0.639033
0.639033 0.752632
0.752632 0.787284
0.787284 0.844537
0.844537 0.674726
0.674726 0.767632
0.767632 0.576566
0.576566 0.530639
0.530639 0.337662
0.337662 0.397847
0.397847 0.328195
0.328195 0.692289
0.692289 0.129447
0.129447 0.311688
0.311688 0.464326
0.464326 0.852681
0.852681 0.551354
0.551354 0.168507
0.168507 0.162393
0.162393 0.92756
0.92756 0.70344
0.70344 0.794858
0.794858 0.11439
0.11439 0.725702
0.725702 0.797733
0.797733 0.040459
0.040459 0.637704
0.637704 0.9416
0.9416 0.960473
0.960473 0.438835
0.438835 0.512522
0.512522 0.765319
0.765319 0.698426
0.698426 0.797652
0.797652 0.920797
0.920797 0.234549
0.234549 0.404252
0.404252 0.843734
0.843734 0.861772
0.861772 0.453845
0.453845 0.27594
0.27594 0.047769
0.047769 0.419069
0.419069 0.806053
0.806053 0.025303
0.025303 0.753709
0.753709 0.254347
0.254347 0.280921
0.280921 0.750537
0.750537 0.737846
0.737846 0.702511
0.702511 0.0459
0.0459 0.347841
0.347841 0.322585
0.322585 0.843493
0.843493 0.384134
0.384134 0.837104
0.837104 0.1699
0.1699 0.925588
0.925588 0.124636
0.124636 0.976648
0.976648 0.879479
0.879479 0.515362
0.515362 0.689648
0.689648 0.542037
0.542037 0.516554
0.516554 0.749112
0.749112 0.884196
0.884196 0.643948
0.643948 0.194425
0.194425 0.060895
0.060895 0.552825
0.552825 0.460106
0.460106 0.836661
0.836661 0.762118
0.762118 0.228526
0.228526 0.75628
0.75628 0.244001
0.244001 0.847691
0.847691 0.89885
0.89885 0.571339
0.571339 0.59093
0.59093 0.403739
0.403739 0.014208
0.014208 0.441377
0.441377 0.476953
0.476953 0.991884
0.991884 0.863359
0.863359 0.537891
0.537891 0.657549
0.657549 0.38508
0.38508 0.441086
0.441086 0.095035
0.095035 0.579819
0.579819 0.03002
0.03002 0.933062
0.933062 0.50092
0.50092 0.847814
0.847814 0.611095
0.611095 0.942893
0.942893 0.427993
0.427993 0.742557
0.742557 0.090928
0.090928 0.586367
0.586367 0.377465
0.377465 0.921749
0.921749 0.602458
0.602458 0.57787
0.57787 0.012808
0.012808 0.424165
0.424165 0.567598
0.567598 0.434007
0.434007 0.657317
0.657317 0.103735
0.103735 0.417444
0.417444 0.919398
0.919398 0.330727
0.330727 0.618312
0.618312 0.289056
0.289056 0.859666
0.859666 0.699898
0.699898 0.098132
0.098132 0.073798
0.073798 0.446616
0.446616 0.318562
0.318562 0.618958
0.618958 0.192238
0.192238 0.160598
0.160598 0.531131
0.531131 0.604908
0.604908 0.470614
0.470614 0.435054
0.435054 0.415568
0.415568 0.285981
0.285981 0.493862
0.493862 0.188261
0.188261 0.140321
0.140321 0.335259
0.335259 0.810207
0.810207 0.347251
0.347251 0.110317
0.110317 0.810804
0.810804 0.362312
0.362312 0.488933
0.488933 0.277024
0.277024 0.527238
0.527238 0.519993
0.519993 0.723384
0.723384 0.987571
0.987571 0.982015
0.982015 0.089502
0.089502 0.944344
0.944344 0.747929
0.747929 0.961376
0.961376 0.674358
0.674358 0.57189
0.57189 0.275159
0.275159 0.950997
0.950997 0.762758
0.762758 0.912297
0.912297 0.213723
0.213723 0.476314
0.476314 0.916535
0.916535 0.260094
0.260094 0.890852
0.890852 0.49755
0.49755 0.436691
0.436691 0.867295
0.867295 0.485978
0.485978 0.984419
0.984419 0.880483
0.880483 0.904833
0.904833 0.989236
0.989236 0.795518
0.795518 0.805074
0.805074 0.541165
0.541165 0.324016
0.324016 0.987415
0.987415 0.112754
0.112754 0.26308
0.26308 0.008589
0.008589 0.678413
0.678413 0.372712
0.372712 0.563683
0.563683 0.731789
0.731789 0.592008
0.592008 0.494377
0.494377 0.12257
0.12257 0.217757
0.217757 0.405037
0.405037 0.127322
0.127322 0.603198
0.603198 0.754753
0.754753 0.025507
0.025507 0.162727
0.162727 0.192426
0.192426 0.763024
0.763024 0.925115
0.925115 0.711406
0.711406 0.00726
0.00726 0.776742
0.776742 0.651454
0.651454 0.933401
0.933401 0.493779
0.493779 0.214995
0.214995 0.64491
0.64491 0.094127
0.094127 0.943243
0.943243 0.316846
0.316846 0.485244
0.485244 0.222094
0.222094 0.250401
0.250401 0.615461
0.615461 0.692857
0.692857 0.74318
0.74318 0.038971
0.038971 0.326283
0.326283 0.209753
0.209753 0.466473
0.466473 0.279323
0.279323 0.024284
0.024284 0.685181
0.685181 0.296674
0.296674 0.523339
0.523339 0.985273
0.985273 0.690965
0.690965 0.048056
0.048056 0.881463
0.881463 0.566265
0.566265 0.991527
0.991527 0.735
0.735 0.866944
0.866944 0.999917
0.999917 0.993591
0.993591 0.714079
0.714079 0.232253
0.232253 0.978023
0.978023 0.500581
0.500581 0.052712
0.052712 0.922707
0.922707 0.399071
0.399071 0.8967
0.8967 0.499379
0.499379 0.272259
0.272259 0.654866
0.654866 0.8857
0.8857 0.430397
0.430397 0.566497
0.566497 0.831215
0.831215 0.909339
0.909339 0.148263
0.148263 0.09781
0.09781 0.197671
0.197671 0.37053
0.37053 0.906554
0.906554 0.837759
0.837759 0.361339
0.361339 0.786164
0.786164 0.036389
0.036389 0.851622
0.851622 0.459754
0.459754 0.994638
0.994638 0.549464
0.549464 0.580135
0.580135 0.767809
0.767809 0.543057
0.543057 0.592635
0.592635 0.11342
0.11342 0.09375
0.09375 0.379133
0.379133 0.129072
0.129072 0.582094
0.582094 0.339243
0.339243 0.97276
0.97276 0.220977
0.220977 0.79057
0.79057 0.598484
0.598484 0.992292
0.992292 0.288856
0.288856 0.217551
0.217551 0.171391
0.171391 0.660492
0.660492 0.722365
0.722365 0.508698
0.508698 0.865847
0.865847 0.915185
0.915185 0.217705
0.217705 0.586498
0.586498 0.964006
0.964006 0.49958
0.49958 0.216594
0.216594 0.502314
0.502314 0.227671
0.227671 0.107299
0.107299 0.821791
0.821791 0.155624
0.155624 0.31772
0.31772 0.707079
0.707079 0.564186
0.564186 0.005444
0.005444 0.002607
0.002607 0.172166
0.172166 0.39645
0.39645 0.898944
0.898944 0.530918
0.530918 0.339401
0.339401 0.288256
0.288256 0.142248
0.142248 0.542995
0.542995 0.622985
0.622985 0.79805
0.79805 0.938421
0.938421 0.896615
0.896615 0.307939
0.307939 0.996394
0.996394 0.317649
0.317649 0.781741
0.781741 0.648247
0.648247 0.115869
0.115869 0.684594
0.684594 0.499329
0.499329 0.89469
0.89469 0.302538
0.302538 0.107955
0.107955 0.279196
0.279196 0.377363
0.377363 0.843974
0.843974 0.477199
0.477199 0.511957
0.511957 0.767882
0.767882 0.248848
0.248848 0.651488
0.651488 0.770022
0.770022 0.646284
0.646284 0.553087
0.553087 0.725796
0.725796 0.992651
0.992651 0.4976
0.4976 0.227582
0.227582 0.539206
0.539206 0.210078
0.210078 0.263132
0.263132 0.062469
0.062469 0.550398
0.550398 0.181691
0.181691 0.571406
0.571406 0.402969
0.402969 0.205327
0.205327 0.323285
0.323285 0.77382
0.77382 0.111789
0.111789 0.922087
0.922087 0.298361
0.298361 0.909971
0.909971 0.633088
0.633088 0.817958
0.817958 0.648507
0.648507 0.72768
0.72768 0.533003
0.533003 0.303649
0.303649 0.837824
0.837824 0.882694
0.882694 0.89174
0.89174 0.669717
0.669717 0.086426
0.086426 0.443086
0.443086 0.922225
0.922225 0.79019
0.79019 0.367997
0.367997 0.823332
0.823332 0.190322
0.190322 0.068358
0.068358 0.946413
0.946413 0.273082
0.273082 0.811606
0.811606 0.749769
0.749769 0.826425
0.826425 0.04562
0.04562 0.999707
0.999707 0.727398
0.727398 0.493406
0.493406 0.371003
0.371003 0.341207
0.341207 0.964016
0.964016 0.317158
0.317158 0.358899
0.358899 0.172111
0.172111 0.656738
0.656738 0.994786
0.994786 0.956102
0.956102 0.430872
0.430872 0.268763
0.268763 0.407626
0.407626 0.083741
0.083741 0.362978
0.362978 0.553295
0.553295 0.267247
0.267247 0.079176
0.079176 0.452107
0.452107 0.694664
0.694664 0.925509
0.925509 0.567575
0.567575 0.952845
0.952845 0.691619
0.691619 0.723679
0.723679 0.888189
0.888189 0.399955
0.399955 0.107823
0.107823 0.25562
0.25562 0.200307
0.200307 0.469224
0.469224 0.314524
0.314524 0.920035
0.920035 0.393899
0.393899 0.564864
0.564864 0.35042
0.35042 0.136775
0.136775 0.929951
0.929951 0.508475
0.508475 0.523709
0.523709 0.60221
0.60221 0.735481
0.735481 0.704572
0.704572 0.88133
0.88133 0.958666
0.958666 0.27825
0.27825 0.157679
0.157679 0.670386
0.670386 0.252917
0.252917 0.946154
0.946154 0.715975
0.715975 0.916757
0.916757 0.558743
0.558743 0.856304
0.856304 0.916516
0.916516 0.245903
0.245903 0.138557
0.138557 0.218803
0.218803 0.807005
0.807005 0.070851
0.070851 0.519083
0.519083 0.380194
0.380194 0.119138
0.119138 0.27237
0.27237 0.856102
0.856102 0.671609
0.671609 0.168503
0.168503 0.496337
0.496337 0.963265
0.963265 0.186602
0.186602 0.856046
0.856046 0.193284
0.193284 0.379962
0.379962 0.613668
0.613668 0.146096
0.146096 0.52514
0.52514 0.853251
0.853251 0.248447
0.248447 0.395961
0.395961 0.264154
0.264154 0.608863
0.608863 0.310621
0.310621 0.912072
0.912072 0.809009
0.809009 0.786254
0.786254 0.690498
0.690498 0.107704
0.107704 0.443123
0.443123 0.412727
0.412727 0.250276
0.250276 0.637251
0.637251 0.96014
0.96014 0.291616
0.291616 0.805007
0.805007 0.882067
0.882067 0.7816
0.7816 0.179536
0.179536 0.908235
0.908235 0.162867
0.162867 0.691807
0.691807 0.627685
0.627685 0.567331
0.567331 0.053692
0.053692 0.314878
0.314878 0.862219
0.862219 0.013515
0.013515 0.172437
0.172437 0.458981
0.458981 0.078685
0.078685 0.651558
0.651558 0.822941
0.822941 0.452762
0.452762 0.525517
0.525517 0.31418
0.31418 0.863638
0.863638 0.598958
0.598958 0.751596
0.751596 0.946131
0.946131 0.177775
0.177775 0.870195
0.870195 0.392866
0.392866 0.84296
0.84296 0.120184
0.120184 0.971981
0.971981 0.873026
0.873026 0.569473
0.569473 0.315627
0.315627 0.897879
0.897879 0.393267
0.393267 0.682878
0.682878 0.183697
0.183697 0.10187
0.10187 0.586088
0.586088 0.385613
0.385613 0.565279
0.565279 0.412905
0.412905 0.208161
0.208161 0.232874
0.232874 0.825585
0.825585 0.816643
0.816643 0.247272
0.247272 0.019811
0.019811 0.808735
0.808735 0.229376
0.229376 0.818308
0.818308 0.973433
0.973433 0.018917
0.018917 0.389143
0.389143 0.223323
0.223323 0.374181
0.374181 0.403096
0.403096 0.989031
0.989031 0.550657
0.550657 0.732206
0.732206 0.110296
0.110296 0.177661
0.177661 0.188116
0.188116 0.643319
0.643319 0.602436
0.602436 0.551869
0.551869 0.625225
0.625225 0.449639
0.449639 0.491735
0.491735 0.766563
0.766563 0.919529
0.919529 0.829926
0.829926 0.479676
0.479676 0.886779
0.886779 0.201969
0.201969 0.444595
0.444595 0.772534
0.772534 0.606914
0.606914 0.596317
0.596317 0.760432
0.760432 0.348462
0.348462 0.462159
0.462159 0.927665
0.927665 0.179979
0.179979 0.45115
0.45115 0.157104
0.157104 0.594991
0.594991 0.600625
0.600625 0.685035
0.685035 0.136545
0.136545 0.982777
0.982777 0.528366
0.528366 0.087079
0.087079 0.523471
0.523471 0.786692
0.786692 0.871271
0.871271 0.55011
0.55011 0.549235
0.549235 0.628339
0.628339 0.537622
0.537622 0.972724
0.972724 0.600927
0.600927 0.334062
0.334062 0.963744
0.963744 0.51075
0.51075 0.010913
0.010913 0.252822
0.252822 0.696531
0.696531 0.305275
0.305275 0.713584
0.713584 0.988124
0.988124 0.155647
0.155647 0.062238
0.062238 0.894275
0.894275 0.919018
0.919018 0.700422
0.700422 0.858581
0.858581 0.75538
0.75538 0.885155
0.885155 0.126438
0.126438 0.549959
0.549959 0.524653
0.524653 0.410908
0.410908 0.716791
0.716791 0.155026
0.155026 0.830698
0.830698 0.843558
0.843558 0.973056
0.973056 0.591268
0.591268 0.570642
0.570642 0.780539
0.780539 0.150926
0.150926 0.137406
0.137406 0.394999
0.394999 0.160744
0.160744 0.725546
0.725546 0.997366
0.997366 0.934723
0.934723 0.3949
0.3949 0.911533
0.911533 0.340801
0.340801 0.895442
0.895442 0.91
0.91 0.362683
0.362683 0.195181
0.195181 0.143888
0.143888 0.482797
0.482797 0.176363
0.176363 0.56445
0.56445 0.911509
0.911509 0.737368
0.737368 0.327597
0.327597 0.149236
0.149236 0.240268
0.240268 0.181728
0.181728 0.657833
0.657833 0.043629
0.043629 0.795633
0.795633 0.158519
0.158519 0.5434
0.5434 0.783525
0.783525 0.171753
0.171753 0.084754
0.084754 0.368654
0.368654 0.121524
0.121524 0.81382
0.81382 0.355627
0.355627 0.928807
0.928807 0.903394
0.903394 0.682622
0.682622 0.287382
0.287382 0.887453
0.887453 0.421104
0.421104 0.786276
0.786276 0.474247
0.474247 0.413767
0.413767 0.617408
0.617408 0.704163
0.704163 0.934432
0.934432 0.124403
0.124403 0.517001
0.517001 0.228031
0.228031 0.420185
0.420185 0.45508
0.45508 0.259231
0.259231 0.245304
0.245304 0.266917
0.266917 0.586844
0.586844 0.10738
0.10738 0.989564
0.989564 0.156379
0.156379 0.05203
0.05203 0.8095
0.8095 0.783233
0.783233 0.168915
0.168915 0.144906
0.144906 0.685818
0.685818 0.397429
0.397429 0.499768
0.499768 0.262005
0.262005 0.817699
0.817699 0.154023
0.154023 0.214448
0.214448 0.297142
0.297142 0.713176
0.713176 0.894877
0.894877 0.418171
0.418171 0.216124
0.216124 0.824035
0.824035 0.943263
0.943263 0.214352
0.214352 0.936144
0.936144 0.289475
0.289475 0.182485
0.182485 0.827162
0.827162 0.634862
0.634862 0.281313
0.281313 0.376675
0.376675 0.263154
0.263154 0.614174
0.614174 0.325771
0.325771 0.858781
0.858781 0.886943
0.886943 0.843672
0.843672 0.97681
0.97681 0.710744
0.710744 0.285951
0.285951 0.308786
0.308786 0.216032
0.216032 0.560863
0.560863 0.79922
0.79922 0.288616
0.288616 0.95415
0.95415 0.123342
0.123342 0.085278
0.085278 0.688452
0.688452 0.009009
0.009009 0.605032
0.605032 0.104077
0.104077 0.551983
0.551983 0.935181
0.935181 0.104353
0.104353 0.887986
0.887986 0.878188
0.878188 0.080114
0.080114 0.12741
0.12741 0.476853
0.476853 0.86792
0.86792 0.241849
0.241849 0.346295
0.346295 0.392121
0.392121 0.725176
0.725176 0.303295
0.303295 0.724572
0.724572 0.025016
0.025016 0.138053
0.138053 0.218071
0.218071 0.134952
0.134952 0.313792
0.313792 0.564393
0.564393 0.722908
0.722908 0.594163
0.594163 0.085038
0.085038 0.447115
0.447115 0.151613
0.151613 0.239992
0.239992 0.434051
0.434051 0.484234
0.484234 0.725596
0.725596 0.175531
0.175531 0.519268
0.519268 0.078568
0.078568 0.695962
0.695962 0.305596
0.305596 0.145766
0.145766 0.092135
0.092135 0.712162
0.712162 0.290345
0.290345 0.512812
0.512812 0.03023
0.03023 0.792205
0.792205 0.741079
0.741079 0.500496
0.500496 0.780201
0.780201 0.269443
0.269443 0.783226
0.783226 0.870403
0.870403 0.0299
0.0299 0.090901
0.090901 0.111521
0.111521 0.755367
0.755367 0.490831
0.490831 0.842187
0.842187 0.662368
0.662368 0.813277
0.813277 0.050981
0.050981 0.873955
0.873955 0.028388
0.028388 0.419947
0.419947 0.98234
0.98234 0.904928
0.904928 0.740163
0.740163 0.276051
0.276051 0.328108
0.328108 0.476496
0.476496 0.540156
0.540156 0.803119
0.803119 0.594588
0.594588 0.633859
0.633859 0.773829
0.773829 0.703595
0.703595 0.87277
0.87277 0.20875
0.20875 0.02294
0.02294 0.059959
0.059959 0.514601
0.514601 0.078708
0.078708 0.106033
0.106033 0.347908
0.347908 0.488939
0.488939 0.777917
0.777917 0.571115
0.571115 0.738607
0.738607 0.5422
0.5422 0.834613
0.834613 0.805516
0.805516 0.064992
0.064992 0.288689
0.288689 0.210044
0.210044 0.887943
0.887943 0.827146
0.827146 0.355622
0.355622 0.213999
0.213999 0.307717
0.307717 0.611729
0.611729 0.707828
0.707828 0.271899
0.271899 0.676198
0.676198 0.300477
0.300477 0.277148
0.277148 0.918448
0.918448 0.555401
0.555401 0.442756
0.442756 0.021516
0.021516 0.39285
0.39285 0.528792
0.528792 0.167189
0.167189 0.538727
0.538727 0.210581
0.210581 0.639282
0.639282 0.007336
0.007336 0.359896
0.359896 0.086737
0.086737 0.319397
0.319397 0.01644
0.01644 0.047601
0.047601 0.585927
0.585927 0.938646
0.938646 0.546237
0.546237 0.223716
0.223716 0.873746
0.873746 0.093071
0.093071 0.064828
0.064828 0.65193
0.65193 0.944799
0.944799 0.761982
0.761982 0.388608
0.388608 0.499954
0.499954 0.702289
0.702289 0.456886
0.456886 0.703268
0.703268 0.906417
0.906417 0.264172
0.264172 0.4876
0.4876 0.748849
0.748849 0.977444
0.977444 0.870872
0.870872 0.47055
0.47055 0.543867
0.543867 0.337931
0.337931 0.769556
0.769556 0.204261
0.204261 0.023491
0.023491 0.362499
0.362499 0.449977
0.449977 0.037031
0.037031 0.966796
0.966796 0.211138
0.211138 0.606871
0.606871 0.851798
0.851798 0.588067
0.588067 0.794539
0.794539 0.20393
0.20393 0.793187
0.793187 0.167171
0.167171 0.794117
0.794117 0.014321
0.014321 0.861747
0.861747 0.093991
0.093991 0.861715
0.861715 0.012783
0.012783 0.500384
0.500384 0.701922
0.701922 0.123996
0.123996 0.994273
0.994273 0.297965
0.297965 0.26543
0.26543 0.116531
0.116531 0.794184
0.794184 0.935127
0.935127 0.536671
0.536671 0.272564
0.272564 0.485125
0.485125 0.49726
0.49726 0.196179
0.196179 0.091473
0.091473 0.925254
0.925254 0.279683
0.279683 0.592606
0.592606 0.11191
0.11191 0.033188
0.033188 0.210012
0.210012 0.146537
0.146537 0.814634
0.814634 0.164462
0.164462 0.012704
0.012704 0.793357
0.793357 0.580035
0.580035 0.964558
0.964558 0.240802
0.240802 0.840185
0.840185 0.825335
0.825335 0.073498
0.073498 0.299855
0.299855 0.61187
0.61187 0.446486
0.446486 0.056992
0.056992 0.589036
0.589036 0.261053
0.261053 0.689753
0.689753 0.939153
0.939153 0.884438
0.884438 0.117283
0.117283 0.577979
0.577979 0.711778
0.711778 0.089567
0.089567 0.950203
0.950203 0.016546
0.016546 0.195187
0.195187 0.478015
0.478015 0.521799
0.521799 0.704019
0.704019 0.62562
0.62562 0.553324
0.553324 0.802702
0.802702 0.972478
0.972478 0.344209
0.344209 0.651037
0.651037 0.227564
0.227564 0.682534
0.682534 0.962502
0.962502 0.407935
0.407935 0.364492
0.364492 0.298042
0.298042 0.379552
0.379552 0.223465
0.223465 0.37354
0.37354 0.26549
0.26549 0.025572
0.025572 0.838351
0.838351 0.629272
0.629272 0.823087
0.823087 0.707145
0.707145 0.155396
0.155396 0.88238
0.88238 0.364525
0.364525 0.42901
0.42901 0.427473
0.427473 0.33537
0.33537 0.482444
0.482444 0.567391
0.567391 0.937693
0.937693 0.007304
0.007304 0.816568
0.816568 0.769908
0.769908 0.296776
0.296776 0.762615
0.762615 0.831547
0.831547 0.957039
0.957039 0.4826
0.4826 0.378973
0.378973 0.649466
0.649466 0.800144
0.800144 0.746935
0.746935 0.029218
0.029218 0.062062
0.062062 0.051062
0.051062 0.514376
0.514376 0.552363
0.552363 0.847609
0.847609 0.098255
0.098255 0.398449
0.398449 0.888643
0.888643 0.51751
0.51751 0.124529
0.124529 0.459917
0.459917 0.053644
0.053644 0.617556
0.617556 0.241311
0.241311 0.832265
0.832265 0.026482
0.026482 0.708893
0.708893 0.974485
0.974485 0.839379
0.839379 0.927052
0.927052 0.153658
0.153658 0.476796
0.476796 0.730406
0.730406 0.857332
0.857332 0.830317
0.830317 0.841819
0.841819 0.156806
0.156806 0.781762
0.781762 0.903683
0.903683 0.894478
0.894478 0.516592
0.516592 0.821669
0.821669 0.774621
0.774621 0.833144
0.833144 0.290753
0.290753 0.338768
0.338768 0.334445
0.334445 0.098283
0.098283 0.49687
0.49687 0.18272
0.18272 0.648998
0.648998 0.842672
0.842672 0.384913
0.384913 0.477754
0.477754 0.197423
0.197423 0.378175
0.378175 0.500233
0.500233 0.323346
0.323346 0.79062
0.79062 0.974085
0.974085 0.238738
0.238738 0.783971
0.783971 0.29439
0.29439 0.382026
0.382026 0.019252
0.019252 0.542908
0.542908 0.282267
0.282267 0.462415
0.462415 0.19807
0.19807 0.595112
0.595112 0.743037
0.743037 0.287494
0.287494 0.850694
0.850694 0.354147
0.354147 0.967947
0.967947 0.095916
0.095916 0.54576
0.54576 0.548184
