0.000701
0.934201
0.598898
0.18558
0.723396
0.670158
0.510384
0.030876
0.591804
0.272941
0.311409
0.411979
0.669194
0.307356
0.821391
0.162141
0.580327
0.022687
0.913186
0.274927
0.43089
0.110999
0.787985
0.728914
0.281621
0.129499
0.24241
0.288966
0.55211
0.711962
0.302788
0.409065
0.729302
0.694222
0.601617
0.361705
0.755676
0.278718
0.871217
0.718846
0.472121
0.363111
0.929573
0.309442
0.490489
0.15796
0.533358
0.778512
0.870844
0.218457
0.473151
0.872793
0.978395
0.015232
0.285839
0.577944
0.895118
0.169212
0.959203
0.232316
0.761066
0.475549
0.003704
0.742282
0.420358
0.84161
0.266437
0.024134
0.746872
0.264024
0.862293
0.797541
0.024611
0.969798
0.597291
0.855563
0.75776
0.846492
0.259112
0.936241
0.285437
0.286458
0.149809
0.320734
0.576124
0.570137
0.235711
0.283031
0.576785
0.91343
0.289515
0.516219
0.491681
0.304115
0.399558
0.660315
0.365862
0.252342
0.221289
0.056659
0.348351
0.580179
0.345914
0.853873
0.010015
0.375229
0.161241
0.590383
0.091125
0.233305
0.579706
0.378493
0.0536
0.915165
0.008587
0.815039
0.812944
0.542317
0.937407
0.743588
0.024862
0.456881
0.517524
0.993215
0.301574
0.870512
0.508906
0.218827
0.732807
0.427394
0.969102
0.968066
0.08648
0.806284
0.059386
0.099758
0.064076
0.486632
0.343104
0.678939
0.9857
0.80375
0.951197
0.473432
0.279825
0.418056
0.989917
0.176996
0.152723
0.323373
0.565732
0.48403
0.812593
0.519291
0.80241
0.140842
0.623361
0.472592
0.225302
0.098484
0.563184
0.492743
0.887806
0.892146
0.362626
0.146441
0.615014
0.37211
0.697536
0.836231
0.739558
0.911271
0.811603
0.668178
0.704637
0.214223
0.943602
0.733608
0.909227
0.852896
0.934328
0.929907
0.170489
0.653769
0.388218
0.445386
0.178353
0.061639
0.76466
0.033206
0.317301
0.604949
0.773985
0.199366
0.23033
0.587688
0.453157
0.429752
0.500101
0.132841
0.296138
0.581254
0.822284
0.702419
0.813951
0.561941
0.046083
0.219028
0.899425
0.425296
0.456948
0.914026
0.371626
0.00352
0.676483
0.027222
0.074981
0.204894
0.554532
0.483146
0.908087
0.100206
0.428457
0.668887
0.157203
0.923238
0.124604
0.43848
0.509439
0.110317
0.076954
0.468868
0.120623
0.503928
0.937962
0.09242
0.112862
0.845391
0.056588
0.731013
0.876786
0.681597
0.198509
0.056677
0.553484
0.810813
0.88352
0.0038
0.071124
0.392541
0.715128
0.757902
0.11126
0.846444
0.077326
0.84596
0.37983
0.665338
0.573559
0.453311
0.55784
0.267239
0.582876
0.092103
0.306734
0.011479
0.308271
0.746314
0.703451
0.503878
0.692208
0.618341
0.480177
0.315989
0.574339
0.602137
0.44377
0.243389
0.466403
0.60792
0.449888
0.228052
0.319319
0.863445
0.306795
0.06977
0.657461
0.316834
0.983858
0.05164
0.455122
0.265971
0.499727
0.604619
0.130172
0.33946
0.865212
0.136133
0.02989
0.954141
0.455838
0.147756
0.783997
0.374177
0.18909
0.766946
0.899869
0.496695
0.88135
0.817849
0.974938
0.488994
0.159517
0.556156
0.901286
0.402315
0.302311
0.193037
0.437417
0.887172
0.386279
0.333123
0.522225
0.135249
0.111467
0.451559
0.706147
0.172854
0.681801
0.535118
0.0745
0.630939
0.115138
0.012375
0.03801
0.116684
0.358017
0.097947
0.365528
0.31164
0.580092
0.675794
0.83393
0.921436
0.023251
0.846578
0.870209
0.60205
0.780425
0.264096
0.56075
0.987639
0.879086
0.385761
0.402797
0.944934
0.044428
0.76216
0.173106
0.179199
0.517241
0.490659
0.288779
0.316747
0.301469
0.958087
0.035301
0.589027
0.216451
0.997468
0.036745
0.243262
0.128863
0.583826
0.343182
0.804662
0.739334
0.194045
0.510266
0.315191
0.298753
0.955798
0.046013
0.673898
0.62927
0.710533
0.599768
0.203815
0.824976
0.115523
0.268353
0.570409
0.007277
0.909983
0.394409
0.176605
0.509948
0.470243
0.231925
0.159369
0.868884
0.778984
0.853951
0.112849
0.991531
0.933546
0.6775
0.663084
0.881007
0.318283
0.980638
0.019275
0.289912
0.565996
0.786762
0.626614
0.678824
0.433414
0.491067
0.045681
0.854479
0.715751
0.604193
0.183397
0.662649
0.325318
0.988068
0.000551
0.110692
0.659195
0.958938
0.820875
0.294807
0.380974
0.632576
0.36669
0.506961
0.741557
0.886688
0.646118
0.896513
0.56402
0.315504
0.816843
0.061521
0.01754
0.551552
0.151451
0.94474
0.30538
0.329624
0.22932
0.409304
0.391945
0.66793
0.480079
0.869099
0.893888
0.541436
0.203625
0.348819
0.260294
0.422393
0.191708
0.348714
0.366912
0.063048
0.076075
0.889023
0.649459
0.895551
0.528176
0.109094
0.900981
0.424044
0.435432
0.796196
0.858283
0.983936
0.179072
0.21901
0.70241
0.243369
0.138523
0.640818
0.598206
0.82187
0.547367
0.887371
0.397922
0.401194
0.825865
0.344446
0.633893
0.703345
0.515033
0.760096
0.925277
0.710797
0.937293
0.226581
0.923855
0.503894
0.708673
0.716992
0.923894
0.090438
0.227583
0.551553
0.261075
0.60247
0.265142
0.168627
0.625478
0.235231
0.782077
0.575389
0.413636
0.303317
0.097177
0.853206
0.244645
0.789019
0.53231
0.092689
0.765342
0.757849
0.659014
0.133445
0.869544
0.016254
0.271632
0.483505
0.456345
0.386521
0.212023
0.793449
0.852484
0.973865
0.170834
0.260212
0.023769
0.800708
0.590325
0.335582
0.700563
0.18314
0.793773
0.114383
0.542337
0.224576
0.466421
0.777346
0.466284
0.801593
0.613001
0.463667
0.264994
0.41696
0.116815
0.948254
0.638189
0.294848
0.025382
0.498661
0.763532
0.093237
0.687641
0.286708
0.531479
0.608506
0.867723
0.729788
0.569216
0.847205
0.960285
0.136868
0.178639
0.840026
0.4324
0.034168
0.31341
0.572951
0.617015
0.545534
0.720066
0.410595
0.982975
0.202496
0.368199
0.386732
0.0066
0.559015
0.294691
0.737008
0.769831
0.985917
0.987016
0.048847
0.409939
0.02001
0.430605
0.403539
0.545792
0.642899
0.945267
0.885516
0.805686
0.864477
0.935685
0.833818
0.581745
0.98611
0.680957
0.210747
0.135872
0.918511
0.288217
0.462704
0.182272
0.929293
0.935309
0.24822
0.071533
0.19522
0.527524
0.408165
0.70127
0.534138
0.8934
0.553156
0.278333
0.691598
0.644588
0.643145
0.057577
0.557162
0.824775
0.934195
0.182192
0.685401
0.472675
0.667446
0.750599
0.496578
0.224078
0.875269
0.234906
0.53202
0.077964
0.679601
0.375931
0.139176
0.451677
0.457478
0.679778
0.961361
0.650166
0.248747
0.640986
0.607194
0.874285
0.780967
0.817237
0.874714
0.893155
0.486502
0.880619
0.905194
0.50559
0.886797
0.770467
0.641632
0.915588
0.71884
0.07275
0.966938
0.146877
0.178821
0.751032
0.896804
0.621533
0.657965
0.353991
0.202262
0.027653
0.345563
0.824499
0.836931
0.601094
0.074185
0.03527
0.54395
0.946273
0.782087
0.176063
0.017601
0.521033
0.967792
0.117457
0.994613
0.910565
0.511877
0.876175
0.650163
0.015399
0.24093
0.306988
0.673557
0.278454
0.608708
0.146163
0.398604
0.076151
0.869475
0.531491
0.363667
0.398589
0.118527
0.12386
0.676421
0.943783
0.574909
0.955409
0.558274
0.750965
0.481318
0.129228
0.443499
0.497948
0.996193
0.495629
0.008035
0.58755
0.452989
0.429981
0.502985
0.148085
0.361645
0.837101
0.767803
0.072911
0.527236
0.507214
0.298162
0.224045
0.660812
0.94847
0.74351
0.924836
0.857426
0.821026
0.209324
0.86671
0.316347
0.097694
0.739034
0.554962
0.678467
0.076143
0.350653
0.418626
0.355885
0.367674
0.003078
0.709398
0.228688
0.987547
0.867092
0.314623
0.083914
0.671879
0.276043
0.60935
0.171708
0.546098
0.731221
0.47244
0.253655
0.269967
0.336908
0.591747
0.518314
0.78416
0.040132
0.183352
0.738931
0.783412
0.050096
0.249867
0.048338
0.041224
0.812303
0.502795
0.706048
0.711132
0.912359
0.07396
0.232529
0.729539
0.284474
0.140989
0.285669
0.445111
0.099644
0.591871
0.654429
0.59973
0.708522
0.853564
0.744683
0.786021
0.013977
0.009673
0.932247
0.506426
0.648337
0.332186
0.158088
0.958854
0.330328
0.352281
0.140736
0.673885
0.776692
0.595181
0.580862
0.128542
0.543495
0.104087
0.733067
0.461621
0.172125
0.87816
0.719837
0.415585
0.014974
0.349578
0.962704
0.630024
0.115809
0.024643
0.105577
0.411671
0.519834
0.413964
0.805278
0.105989
0.388431
0.376688
0.76425
0.195308
0.293596
0.003805
0.380464
0.24854
0.067062
0.16551
0.389506
0.847443
0.579103
0.847631
0.873855
0.614456
0.822036
0.402112
0.01435
0.467091
0.673398
0.83657
0.958837
0.223893
0.713823
0.267904
0.183016
0.686957
0.474598
0.664974
0.718463
0.326012
0.489907
0.005335
0.622846
0.689063
0.528769
0.971041
0.067329
0.664602
0.381655
0.30851
0.41616
0.720374
0.576801
0.977444
0.67345
0.243708
0.401199
0.213822
0.672136
0.108418
0.601285
0.63195
0.380134
0.593252
0.138307
0.490574
0.69868
0.776917
0.373385
0.248053
0.127856
0.53466
0.057256
0.531602
0.674305
0.261409
0.499712
0.645591
0.376134
0.446487
0.293714
0.743905
0.820004
0.224873
0.969206
0.791377
0.025405
0.030042
0.951608
0.439266
0.071125
0.473355
0.200002
0.93982
0.838899
0.575015
0.900002
0.224878
0.249248
0.471591
0.586312
0.273553
0.364512
0.725096
0.069972
0.893967
0.734057
0.358634
0.545294
0.044056
0.356684
0.743607
0.251481
0.816424
0.635217
0.463481
0.063935
0.212281
0.698276
0.279122
0.390254
0.829422
0.464248
0.320691
0.745916
0.58928
0.822436
0.631096
0.384651
0.628043
0.306401
0.186017
0.358496
0.476825
0.634485
0.515485
0.382546
0.655907
0.492532
0.052028
0.879382
0.808037
0.933785
0.330377
0.578198
0.495793
0.770979
0.163735
0.043604
0.788009
0.335616
0.921612
0.509128
0.760265
0.979433
0.034215
0.390394
0.034433
0.693051
0.848409
0.852996
0.482296
0.216817
0.960235
0.810055
0.218221
0.018831
0.148991
0.724469
0.005897
0.515159
0.03788
0.590842
0.204137
0.90724
0.606211
0.472106
0.376738
0.011469
0.678176
0.965832
0.691412
0.455981
0.513175
0.975224
0.232772
0.61961
0.622716
0.159803
0.35438
0.688047
0.938868
0.440779
0.194864
0.202177
0.459283
0.936106
0.483094
0.473603
0.493778
0.700236
0.757415
0.242369
0.637478
0.643542
0.123956
0.951855
0.595523
0.006449
0.678985
0.015868
0.984342
0.763236
0.720341
0.452925
0.234476
0.330534
0.872919
0.26271
0.719983
0.955511
0.253222
0.919731
0.239387
0.158742
0.797973
0.35916
0.973201
0.606767
0.881793
0.829858
0.043009
0.789337
0.348937
0.989591
0.797111
0.87635
0.084097
0.617433
0.947728
0.129469
0.247262
0.318355
0.684772
0.243432
0.297649
0.595003
0.891179
0.992049
0.931684
0.661661
0.584805
0.553885
0.060062
0.375406
0.71188
0.892628
0.94885
0.659446
0.417028
0.567153
0.649671
0.793648
0.91485
0.346265
0.843939
0.947254
0.08807
0.003131
0.22616
0.32878
0.937238
0.664407
0.551295
0.32811
0.007005
0.089038
0.471185
0.02577
0.913948
0.251763
0.285043
0.444393
0.100972
0.606291
0.729
0.917377
0.943261
0.403179
0.92972
0.949714
0.330802
0.437383
0.64708
0.94603
0.852463
0.600512
0.930899
0.180789
0.706642
0.612754
0.316749
0.385701
0.463469
0.309506
0.68581
0.329312
0.80358
0.857671
0.913803
0.76378
0.358447
0.276666
0.433972
0.113837
0.777272
0.639098
0.839138
0.282948
0.145445
0.326136
0.647812
0.951645
0.879564
0.712574
0.35937
0.743057
0.224014
0.65657
0.923292
0.630624
0.474117
0.169086
0.747463
0.963
0.050834
0.638007
0.370535
0.481142
0.552037
0.981949
0.923354
0.702588
0.90534
0.108752
0.504448
0.047922
0.747495
0.053672
0.594579
0.084425
0.155345
0.172243
0.635351
0.261918
0.853351
0.762842
0.896894
0.515785
0.022666
0.493931
0.759595
0.11219
0.836784
0.010994
0.534905
0.110482
0.848748
0.098155
0.950195
0.817778
0.354915
0.769487
0.422689
0.610749
0.860292
0.665012
0.247448
0.499577
0.770429
0.12638
0.824422
0.809113
0.434876
0.327241
0.049564
0.352213
0.667203
0.833305
0.995003
0.470268
0.866583
0.967088
0.003285
0.315917
0.865933
0.352345
0.320676
0.752951
0.631624
0.013189
0.394517
0.248401
0.939752
0.402905
0.95966
0.131817
0.153965
0.737439
0.038948
0.596732
0.229863
0.00859
0.982771
0.819315
0.070951
0.051873
0.672677
0.569209
0.36116
0.044081
0.014048
0.68756
0.998929
0.805533
0.842839
0.807233
0.257851
0.282006
0.371377
0.690212
0.798877
0.581353
0.298228
0.55719
0.659088
0.939818
0.707118
0.784347
0.342025
0.993025
0.879924
0.342317
0.134587
0.726669
0.148726
0.352336
0.775485
0.48188
0.911917
0.134586
0.600259
0.390286
0.939381
0.123717
0.287869
0.613758
0.091732
0.026569
0.333828
0.763844
0.578611
0.59707
0.37492
0.875889
0.881054
0.403325
0.490461
0.312844
0.462915
0.961895
0.605135
0.973762
0.396354
0.614262
0.11839
0.181984
0.026389
0.520482
0.885391
0.628005
0.799511
0.145023
0.674541
0.742037
0.381355
0.609793
0.226565
0.871255
0.188442
0.289355
0.040154
0.636727
0.458979
0.02333
0.009168
0.845039
0.987722
0.320985
0.036411
0.3296
0.649902
0.933013
0.74896
0.096642
0.839213
0.165496
0.440061
0.150902
0.944862
0.311057
0.362584
0.37599
0.992685
0.572201
0.499044
0.844453
0.575319
0.851843
0.933184
0.932516
0.196445
0.78602
0.948117
0.614522
0.154082
0.393796
0.976034
0.312045
0.087959
0.719351
0.524477
0.672704
0.315932
0.841258
0.204163
0.653658
0.084478
0.623949
0.983388
0.28479
0.858246
0.586365
0.793977
0.486577
0.773665
0.262799
0.613807
0.317649
0.381627
0.430921
0.150888
0.027034
0.804217
0.581993
0.254006
0.286096
0.430522
0.008273
0.174934
0.975149
0.27649
0.882601
0.807197
0.899772
0.133855
0.705184
0.026409
0.811801
0.633127
0.49255
0.257162
0.110016
0.345643
0.083712
0.391486
0.595509
0.049679
0.938497
0.18387
0.656743
0.285628
0.803083
0.247841
0.259301
0.325236
0.617705
0.77911
0.115316
0.679901
0.041565
0.13028
0.407594
0.273043
0.969917
0.362112
0.443421
0.401523
0.418345
0.896361
0.613064
0.611135
0.14923
0.39517
0.027947
0.611154
0.415401
0.992023
0.213527
0.352953
0.195975
0.999271
0.231853
0.397676
0.299382
0.217208
0.608808
0.697977
0.708585
0.969719
0.441049
0.91882
0.543478
0.991487
0.057621
0.422344
0.015476
0.291759
0.61127
0.041788
0.749296
0.119684
0.974439
0.769478
0.846918
0.156202
0.31495
0.483881
0.068739
0.057504
0.726374
0.840713
0.506912
0.47505
0.288095
0.453121
0.125874
0.677153
0.930049
0.485917
0.545063
0.897122
0.477163
0.78888
0.438816
0.532969
0.248473
0.69412
0.92846
0.323679
0.585935
0.602501
0.341592
0.627042
0.687918
0.484135
0.713543
0.924047
0.122392
0.417925
0.406028
0.674841
0.394792
0.295186
0.217987
0.651245
0.945587
0.812316
0.363614
0.87084
0.952515
0.877534
0.692569
0.257607
0.312525
0.556684
0.527383
0.15414
0.178393
0.683097
0.493047
0.810409
0.425033
0.256515
0.713788
0.974098
0.420494
0.75608
0.752036
0.707494
0.47664
0.492389
0.664575
0.555949
0.354524
0.123599
0.550881
0.192896
0.199446
0.460611
0.968655
0.666432
0.280698
0.686303
0.591531
0.372464
0.911001
0.113833
0.483985
0.879414
0.920621
0.609002
0.368418
0.72949
0.061182
0.801679
0.259439
0.341517
0.714158
0.211292
0.840326
0.140333
0.279061
0.411373
0.956683
0.037743
0.61631
0.358178
0.602273
0.390041
0.919788
0.008358
0.772053
0.557094
0.394091
0.3507
0.557381
0.187981
0.11146
0.976928
0.858426
0.358205
0.423402
0.316561
0.088751
0.68346
0.301998
0.660847
0.247098
0.534964
0.985903
0.100745
0.731343
0.481352
0.306024
0.503979
0.269657
0.082135
0.065894
0.656149
0.343843
0.157721
0.851732
0.690909
0.479862
0.66099
0.647186
0.934204
0.780547
0.275449
0.627768
0.28757
0.07551
0.864928
0.509975
0.275501
0.063228
0.899859
0.830099
0.881869
0.82032
0.985101
0.527721
0.300417
0.053016
0.61434
0.208894
0.724309
0.465803
0.276041
0.464018
0.299739
0.622271
0.035973
0.615395
0.368615
0.673137
0.721285
0.269475
0.125289
0.32646
0.831155
0.048793
0.812363
0.435043
0.298996
0.878585
0.580549
0.576027
0.231224
0.203103
0.137597
0.997662
0.747593
0.506604
0.311285
0.308275
0.048086
0.51404
0.651464
0.282425
0.831374
0.446424
0.196176
0.159236
0.189837
0.705893
0.526828
0.807933
0.106141
0.36545
0.237433
0.135548
0.676389
0.838401
0.942906
0.111829
0.184823
0.102473
0.95143
0.786328
0.155096
0.853625
0.725883
0.672676
0.503104
0.964544
0.259325
0.87505
0.91638
0.622827
0.489546
0.331827
0.585049
0.523854
0.877684
0.551418
0.409352
0.493344
0.2759
0.215304
0.808723
0.914604
0.209112
0.023242
0.25744
0.33546
0.695802
0.155673
0.671823
0.62988
0.732872
0.728311
0.774014
0.089284
0.569579
0.613918
0.557299
0.818534
0.895513
0.006271
0.97801
0.811625
0.067656
0.101314
0.998979
0.08205
0.501492
0.270497
0.109556
0.222865
0.351182
0.101305
0.447196
0.771428
0.603804
0.679971
0.645597
0.753837
0.712652
0.49138
0.534411
0.784051
0.894602
0.311155
0.815516
0.092696
0.216535
0.464942
0.840841
0.860565
0.595826
0.829866
0.616766
0.231798
0.839896
0.953191
0.160078
0.381755
0.849825
0.663152
0.33049
0.014573
0.113025
0.546991
0.264723
0.665415
0.609983
0.671166
0.537149
0.182399
0.260058
0.918753
0.172001
0.763225
0.031345
0.319041
0.632141
0.921479
0.839603
0.744304
0.909394
0.757631
0.361241
0.348767
0.841437
0.909716
0.885368
0.124762
0.780262
0.558711
0.32991
0.951063
0.737193
0.863586
0.546781
0.508417
0.129468
0.201056
0.041127
0.437255
0.253385
0.585014
0.229621
0.112599
0.609006
0.640647
0.362828
0.411148
0.20143
0.508251
0.236635
0.845557
0.943622
0.051722
0.817734
0.440902
0.285811
0.746745
0.908173
0.728333
0.196442
0.623659
0.973973
0.23091
0.619702
0.64002
0.262803
0.816636
0.534596
0.857845
0.335713
0.293669
0.740594
0.800548
0.137943
0.622721
0.494841
0.364557
0.733779
0.121655
0.12592
0.660627
0.830483
0.037256
0.74919
0.159832
0.216281
0.859202
0.208678
0.519252
0.237412
0.751207
0.370535
0.462342
0.439242
0.474372
0.893057
0.088993
0.49644
0.177705
0.59827
0.990274
0.557217
0.430836
0.570066
0.54287
0.126625
0.873924
0.103919
0.758199
0.613922
0.859742
0.633151
0.061226
0.668998
0.462957
0.756761
0.373952
0.43286
0.231595
0.493826
0.878604
0.827188
0.05569
0.889453
0.835503
0.007942
0.52813
0.097298
0.830622
0.108045
0.172677
0.063654
0.827834
0.394115
0.914188
0.938089
0.400845
0.962269
0.166013
0.335655
0.519814
0.097986
0.909589
0.575661
0.267664
0.425032
0.141214
0.022
0.861075
0.968447
0.061012
0.650046
0.351169
0.256601
0.379087
0.965111
0.378883
0.587301
0.113862
0.397463
0.360024
0.58297
0.257607
0.298913
0.475017
0.159885
0.684152
0.665952
0.838341
0.036477
0.673793
0.714463
0.222645
0.905696
0.430376
0.430991
0.712559
0.396435
0.965581
0.22557
0.663192
0.949019
0.725382
0.811125
0.338314
0.729754
0.333701
0.434422
0.603224
0.709544
0.828249
0.583592
0.047316
0.031565
0.76355
0.297211
0.911317
0.793002
0.55616
0.199945
0.194226
0.36585
0.447068
0.389757
0.314933
0.38178
0.456283
0.301678
0.703528
0.506061
0.704614
0.673137
0.697297
0.125551
0.477635
0.735854
0.116405
0.075747
0.406838
0.759302
0.89427
0.531899
0.142969
0.070723
0.137616
0.189183
0.89656
0.676711
0.991224
0.856944
0.220641
0.611356
0.682366
0.59199
0.410643
0.135951
0.119921
0.495963
0.896488
0.915263
0.423188
0.301759
0.001866
0.295362
0.75538
0.874021
0.445701
0.80802
0.836811
0.748683
0.960802
0.026664
0.512761
0.836592
0.404704
0.898896
0.75104
0.416176
0.737693
0.680579
0.444232
0.540186
0.243025
0.596475
0.391629
0.981497
0.364323
0.352459
0.835851
0.842972
0.535172
0.624284
0.929156
0.956383
0.375893
0.647912
0.504435
0.195405
0.632509
0.036414
0.525898
0.827663
0.232899
0.948421
0.59444
0.030849
0.835132
0.733149
0.882706
0.697894
0.243003
0.176977
0.874833
0.656206
0.06374
0.476591
0.285882
0.425975
0.982912
0.063695
0.535965
0.642534
0.031514
0.40628
0.15405
0.267783
0.220249
0.911449
0.486454
0.715679
0.91599
0.054824
0.085034
0.016789
0.335432
0.861489
0.15005
0.146898
0.530934
0.863523
0.402732
0.644689
0.243544
0.65907
0.762518
0.643479
0.998218
0.197992
0.203992
0.442024
0.816215
0.919074
0.168506
0.739375
0.919695
0.86379
0.905486
0.658811
0.803489
0.891639
0.118429
0.685821
0.049072
0.122039
0.290585
0.645162
0.255706
0.727781
0.065333
0.841964
0.463788
0.205054
0.056234
0.491912
0.445372
0.245021
0.461779
0.565484
0.236887
0.331968
0.859827
0.171246
0.289037
0.193008
0.556716
0.603223
0.608893
0.224353
0.866082
0.177318
0.269168
0.019144
0.692351
0.981807
0.659685
0.121848
0.793919
0.666883
0.856027
0.134212
0.10103
0.398274
0.480375
0.297784
0.463329
0.099917
0.429541
0.677996
0.20211
0.110695
0.845177
0.074808
0.842252
0.380242
0.701182
0.784913
0.398836
0.328802
0.383288
0.340509
0.593456
0.496157
0.63584
0.34963
0.375213
0.104613
0.25076
0.563041
0.121403
0.661055
0.873698
0.292694
0.892884
0.723055
0.302374
0.30675
0.119134
0.954053
0.652105
0.326158
0.088002
0.59259
0.763519
0.247801
0.615137
0.460615
0.227456
0.219202
0.26811
0.635841
0.402061
0.689796
0.520223
0.913178
0.797061
0.563759
0.209008
0.180216
0.200226
0.579406
0.674405
0.831778
0.921025
0.040143
0.951637
0.348533
0.526465
0.021993
0.393768
0.164672
0.44412
0.182671
0.098948
0.949645
0.807341
0.297235
0.517347
0.428965
0.917662
0.645289
0.612778
0.869066
0.699391
0.374753
0.954002
0.351234
0.521384
0.967197
0.110727
0.959593
0.761011
0.929732
0.729291
0.008155
0.485312
0.838473
0.663032
0.431936
0.624328
0.85855
0.532347
0.467127
0.01164
0.8657
0.089439
0.745337
0.667073
0.294401
0.762751
0.926894
0.696606
0.837589
0.756084
0.998202
0.184457
0.12292
0.07741
0.358175
0.452364
0.490607
0.872363
0.81872
0.061048
0.99781
0.437429
0.644287
0.928863
0.774597
0.28781
0.755488
0.942643
0.856462
0.654987
0.221768
0.435719
0.618407
0.788968
0.168143
0.908145
0.935587
0.440215
0.221004
0.364092
0.195516
0.89627
0.617978
0.641439
0.286836
0.948063
0.106854
0.108557
0.689653
0.160908
0.758573
0.103264
0.792426
0.825185
0.819275
0.488985
0.560429
0.961713
0.726418
0.703088
0.680767
0.756808
0.413947
0.672414
0.308958
0.802027
0.031538
0.970987
0.542082
0.513606
0.202896
0.594924
0.743483
0.106577
0.948118
0.729517
0.844039
0.498579
0.395122
0.883516
0.744999
0.518354
0.405129
0.765589
0.947372
0.793928
0.237222
0.27798
0.532884
0.695485
0.376951
0.002344
0.621503
0.707924
0.654016
0.552777
0.430516
0.608108
0.774
0.171029
0.060175
0.821791
0.389172
0.938909
0.130904
0.335248
0.833351
0.982871
0.397069
0.536576
0.64583
0.045797
0.46231
0.361693
0.009365
0.800954
0.721435
0.120024
0.227228
0.283154
0.653876
0.374866
0.364315
0.81209
0.593711
0.253455
0.177326
0.782864
0.101246
0.561703
0.459005
0.698699
0.061156
0.078639
0.921433
0.820849
0.632195
0.405526
0.743402
0.81068
0.173465
0.74467
0.90683
0.738953
0.27225
0.982918
0.447258
0.837288
0.998405
0.45484
0.743395
0.366812
0.510318
0.7606
0.970735
0.979007
0.13743
0.013516
0.844229
0.943729
0.064311
0.892305
0.775029
0.619429
0.741312
0.873016
0.566282
0.540551
0.146768
0.015651
0.772998
0.497124
0.025766
0.680478
0.850974
0.981541
0.230482
0.54902
0.219783
0.37752
0.287071
0.324744
0.364825
0.266258
0.314126
0.488428
0.103438
0.224773
0.417698
0.483226
0.140077
0.491428
0.687876
0.704406
0.035549
0.873647
0.921935
0.668788
0.715319
0.272818
0.199038
0.738868
0.641865
0.201383
0.431511
0.776618
0.776113
0.667115
0.01767
0.101992
0.452918
0.799581
0.721221
0.131102
0.295619
0.593798
0.902212
0.069093
0.294651
0.146069
0.224554
0.032701
0.17522
0.757014
0.965104
0.977497
0.179043
0.276783
0.049311
0.804824
0.385146
0.067455
0.938419
0.023417
0.694731
0.957636
0.493238
0.340707
0.605099
0.564228
0.93948
0.558826
0.897639
0.356399
0.059646
0.150283
0.364879
0.836734
0.736491
0.888337
0.701601
0.214574
0.973038
0.907058
0.685011
0.946543
0.514161
0.566072
0.768985
0.519266
0.194731
0.494991
0.217364
0.849267
0.139325
0.19254
0.901321
0.675063
0.938488
0.555362
0.885783
0.316436
0.926574
0.711514
0.929922
0.175906
0.686134
0.533652
0.026707
0.357374
0.903877
0.206901
0.106513
0.776968
0.703188
0.226415
0.029801
0.14107
0.578208
0.199622
0.993854
0.166528
0.054484
0.828155
0.478576
0.418059
0.201169
0.444481
0.856362
0.137843
0.119799
0.478201
0.791017
0.442294
0.534616
0.227049
0.550745
0.261029
0.609474
0.307578
0.360204
0.39302
0.116284
0.160529
0.916615
0.05493
0.080044
0.985889
0.194942
0.296648
0.025412
0.482639
0.667124
0.658996
0.949858
0.768185
0.060383
0.448636
0.148367
0.852481
0.779582
0.005157
0.014709
0.041839
0.118652
0.335357
0.944272
0.647422
0.386083
0.4897
0.463455
0.373428
0.069471
0.055978
0.710627
0.759962
0.164133
0.145141
0.393644
0.055597
0.790785
0.244333
0.348936
0.894616
0.227274
0.312102
0.827143
0.153946
0.479386
0.490801
0.630333
0.364783
0.515705
0.811185
0.22576
0.053896
0.29154
0.264178
0.961205
0.389626
0.686913
0.614848
0.506866
0.507568
0.48361
0.333552
0.648818
0.890943
0.506294
0.019279
0.559029
0.180657
0.052681
0.690179
0.666943
0.790045
0.737779
0.316274
0.257628
0.699307
0.877187
0.969361
0.921479
0.804628
0.53446
0.965104
0.980488
0.196987
0.357533
0.372313
0.016078
0.745653
0.329213
0.264402
0.623497
0.361366
0.556723
0.088047
0.517773
0.314213
0.225324
0.524026
0.116236
0.981184
0.840983
0.215242
0.722599
0.398418
0.887117
0.736942
0.437602
0.993134
0.020388
0.184118
0.92122
0.870259
0.930572
0.751097
0.131434
0.028731
0.989482
0.678316
0.164557
0.882495
0.813957
0.941292
0.322136
0.461189
0.867912
0.056768
0.529405
0.665516
0.22845
0.381059
0.230305
0.952298
0.641042
0.275575
0.884066
0.824227
0.988763
0.514536
0.188353
0.499295
0.300589
0.309879
0.153971
0.134919
0.423768
0.328341
0.156136
0.981743
0.485239
0.075742
0.087304
0.842144
0.267124
0.023448
0.736572
0.208404
0.621277
0.85202
0.520628
0.455592
0.047898
0.187059
0.691275
0.464114
0.56321
0.202233
0.14451
0.046964
0.981194
0.464486
0.956172
0.556657
0.734393
0.396447
0.769146
0.046848
0.358775
0.731018
0.157133
0.363643
0.767655
0.333147
0.089985
0.541593
0.439689
0.763799
0.625595
0.879379
0.64592
0.961106
0.953357
0.070185
0.840895
0.413707
0.914185
0.76175
0.342837
0.201271
0.122094
0.921122
0.427887
0.277221
0.812347
0.379087
0.963401
0.368628
0.541158
0.92929
0.705318
0.868305
0.861966
0.357045
0.384582
0.094083
0.103263
0.772833
0.707629
0.290276
0.372994
0.625481
0.395944
0.746333
0.914505
0.770036
0.389667
0.40768
0.939074
0.965324
0.340276
0.353744
0.059982
0.176193
0.517318
0.518172
0.453166
0.055452
0.254215
0.026227
0.869421
0.980486
0.058126
0.524384
0.623171
0.019569
0.508871
0.877106
0.682803
0.202857
0.071921
0.605807
0.987557
0.473076
0.950449
0.445004
0.115987
0.690888
0.101442
0.390659
0.430981
0.069951
0.540878
0.615707
0.826339
0.416669
0.062964
0.627767
0.19992
0.549619
0.498437
0.044047
0.77835
0.273679
0.636924
0.358434
0.41829
0.28383
0.938374
0.075772
0.009267
0.373658
0.158541
0.588323
0.103073
0.323533
0.013537
0.169424
0.894717
0.843483
0.008445
0.459325
0.679945
0.945751
0.554995
0.818214
0.914328
0.122042
0.503302
0.921436
0.998897
0.700456
0.212667
0.971893
0.917358
0.757111
0.286439
0.904635
0.84986
0.957447
0.095942
0.958634
0.888321
0.702226
0.218465
0.990753
0.978333
0.953217
0.914309
0.906898
0.212608
0.113562
0.767903
0.585355
0.601006
0.337839
0.617978
0.667319
0.442113
0.646804
0.901808
0.58961
0.421386
0.22183
0.538507
0.234571
0.560861
0.254024
0.476397
0.572165
0.145421
0.723036
0.029428
0.669247
0.750629
0.480556
0.127671
0.441027
0.497124
0.013497
0.606868
0.519731
0.656575
0.261869
0.662043
0.615431
0.734202
0.866333
0.590179
0.744078
0.152859
0.220448
0.946958
0.697717
0.663677
0.702608
0.24256
0.131885
0.608271
0.46266
0.301525
0.645206
0.157511
0.138214
0.411682
0.226165
0.651854
0.875637
0.387135
0.442075
0.168236
0.03074
0.670315
0.745227
0.438532
0.924146
0.598091
0.271232
0.244572
0.02635
0.956949
0.504546
0.414729
0.947466
0.95223
0.186188
0.547058
0.606657
0.716426
0.838639
0.584003
0.956262
0.48155
0.282936
0.363671
0.635599
0.540556
0.522945
0.272661
0.929464
0.122833
0.371826
0.125458
0.406312
0.30875
0.195691
0.395392
0.611134
0.108274
0.149437
0.922156
0.188008
0.828641
0.279776
0.220888
0.807349
0.856099
0.870451
0.517818
0.272845
0.976707
0.404639
0.637471
0.183072
0.361197
0.519536
0.866439
0.522808
0.338902
0.328139
0.918713
0.559027
0.085743
0.48321
0.127579
0.416582
0.351277
0.358428
0.989071
0.708576
0.349818
0.721726
0.181992
0.596423
0.940604
0.275823
0.1895
0.654591
0.222042
0.440938
0.647247
0.915038
0.665005
0.754689
0.543088
0.466332
0.910195
0.264185
0.393353
0.982459
0.354572
0.285304
0.520676
0.55632
0.651839
0.904157
0.558388
0.212915
0.251996
0.595742
0.306481
0.477214
0.10495
0.334779
0.06412
0.371712
0.653192
0.573743
0.563729
0.218683
0.238537
0.463077
0.631633
0.622104
0.047921
0.688593
0.70027
0.004283
0.723269
0.301062
0.296954
0.072167
0.760416
0.912993
0.634212
0.588334
0.8221
0.637596
0.426675
0.82168
0.09001
0.144938
0.059538
0.05279
0.780897
0.210275
0.233579
0.508994
0.951756
0.12959
0.211738
0.104117
0.719059
0.377299
0.792267
0.357909
0.017057
0.881157
0.13343
0.870169
0.020145
0.289348
0.55478
0.724551
0.354287
0.604761
0.439985
0.197062
0.222502
0.561458
0.366227
0.144243
0.569418
0.11832
0.585155
0.446046
0.409885
0.444895
0.980407
0.878385
0.446647
0.774419
0.626692
0.790386
0.102084
0.499032
0.075435
0.961322
0.089014
0.882185
0.491982
0.012232
0.645551
0.763221
0.76937
0.747228
0.559036
0.629163
0.743661
0.799495
0.104021
0.42867
0.635834
0.956972
0.019324
0.503194
0.845245
0.542725
0.64914
0.010318
0.219644
0.225001
0.373216
0.214284
0.926756
0.631982
0.45109
0.018707
0.052429
0.146209
0.405394
0.116481
0.05034
0.253713
0.069213
0.131863
0.168264
0.822814
0.422514
0.129754
0.975903
0.687626
0.342634
0.867165
0.119286
0.911234
0.393829
0.161864
0.426725
0.103569
0.78089
0.753223
0.491328
0.168962
0.591816
0.030239
0.855092
0.858397
0.454554
0.001753
0.919536
0.501438
0.732799
0.883851
0.707919
0.292854
0.385857
0.679452
0.603999
0.508928
0.617573
0.125089
0.192374
0.028448
0.439317
0.37987
0.325372
0.533396
0.272034
0.831635
0.541506
0.764319
0.712361
0.395291
0.9605
0.205383
0.587798
0.678341
0.779865
0.574123
0.425951
0.388601
0.498047
0.490875
0.462829
0.359099
0.989132
0.702899
0.31521
0.565168
0.554116
0.238186
0.442065
0.508721
0.07374
0.863952
0.520047
0.344717
0.387879
0.224826
0.858041
0.124812
0.026504
0.035719
0.975778
0.5332
0.417197
0.704382
0.471513
0.489643
0.694239
0.758652
0.303758
0.994679
0.234249
0.453388
0.612087
0.59203
0.043393
0.932089
0.201999
0.823191
0.121154
0.318205
0.818841
0.049206
0.925664
0.11113
0.3358
0.014634
0.065599
0.26189
0.980951
0.528698
0.343632
0.30351
0.72837
0.638632
0.27646
0.911076
0.978313
0.6702
0.216379
0.266477
0.651452
0.510417
0.199432
0.602844
0.822175
0.507448
0.645117
0.303667
0.01595
0.362701
0.032651
0.931602
0.295754
0.390099
0.678811
0.561975
0.262554
0.517551
0.742318
0.795955
0.094866
0.405599
0.579805
0.828434
0.752362
0.058264
0.578327
0.945582
0.46855
0.301066
0.589448
0.82709
0.657509
0.501245
0.089886
0.028111
0.359693
0.905159
0.193717
0.015874
0.35179
0.967876
0.641147
0.135996
0.045653
0.049953
0.888843
0.883479
0.301284
0.856397
0.426828
0.853389
0.278887
0.99282
0.446936
0.746234
0.454981
0.013778
0.987836
0.803017
0.927575
0.338298
0.68161
0.044983
0.135407
0.407593
0.226898
0.693055
0.116243
0.459966
0.713608
0.141953
0.429245
0.297898
0.92418
0.864003
0.866391
0.422325
0.736426
0.617633
0.077967
0.909104
0.752916
0.33556
0.237117
0.402665
0.28194
0.067652
0.868454
0.601852
0.795028
0.353499
0.96574
0.612948
0.98603
0.399648
0.52362
0.54489
0.556759
0.436543
0.608427
0.721675
0.854203
0.630145
0.093042
0.886945
0.484291
0.923239
0.18082
0.775768
0.027223
0.181432
0.843581
0.428599
0.979371
0.018833
0.298656
0.622439
0.046731
0.67843
0.650007
0.794167
0.914941
0.342145
0.818396
0.831072
0.620871
0.245577
0.885627
0.103567
0.650757
0.972444
0.977847
0.11509
0.889918
0.303694
0.812907
0.144197
0.549017
0.996323
0.036791
0.253837
0.191899
0.866865
0.4741
0.042814
0.989984
0.554577
0.417607
0.514447
0.328222
0.339311
0.081866
0.437402
0.887615
0.389071
0.345894
0.573724
0.329297
0.812263
0.909903
0.149052
0.705181
0.889623
0.991104
0.940016
0.720164
0.860841
0.683568
0.353835
0.970897
0.640872
0.107156
0.875086
0.286117
0.840926
0.470502
0.254677
0.293542
0.469158
0.17307
0.815993
0.338328
0.686035
0.071259
0.253237
0.878088
0.989396
0.033588
0.29696
0.479473
0.204198
0.909926
0.621775
0.541321
0.651948
0.039799
0.371258
0.869358
0.874829
0.42475
0.675037
0.227472
0.289502
0.689765
0.533072
0.990542
0.145607
0.958764
0.442119
0.023836
0.163945
0.769147
0.139381
0.913963
0.229347
0.150412
0.838351
0.676399
0.513236
0.991827
0.331834
0.064563
0.400873
0.824171
0.337167
0.605465
0.598287
0.140534
0.45862
0.486913
0.7939
0.38118
0.141983
0.42128
0.249832
0.707472
0.996347
0.610838
0.6979
0.689862
0.858068
0.939653
0.915303
0.034941
0.971918
0.517041
0.354987
0.476551
0.664424
0.697588
0.205709
0.955963
0.8844
0.702731
0.256782
0.216115
0.985657
0.968903
0.942507
0.934911
0.126907
0.347243
0.941295
0.522584
0.663853
0.279859
0.704477
0.708127
0.908468
0.077668
0.289798
0.039772
0.630456
0.424783
0.8746
0.424551
0.675906
0.234476
0.323698
0.831903
0.078136
0.981693
0.186931
0.286349
0.035714
0.63714
0.501416
0.274236
0.132674
0.327923
0.773474
0.689531
0.175923
0.849761
0.515257
0.44369
0.024827
0.15575
0.711055
0.864581
0.787988
0.946697
0.588291
0.009472
0.76221
0.488016
0.068204
0.017081
0.488652
0.778182
0.271222
0.623694
0.301167
0.193754
0.45202
0.968336
0.741829
0.735955
0.739267
0.812008
0.218648
0.003815
0.055056
0.295996
0.280475
0.018883
0.589029
0.364224
0.884085
0.026491
0.202185
0.974687
0.028462
0.398589
0.135373
0.224937
0.131262
0.763139
0.397481
0.516632
0.52246
0.485073
0.208302
0.884152
0.430196
0.62381
0.871094
0.612274
0.833801
0.49234
0.449828
0.26791
0.55901
0.942868
0.62612
0.270907
0.990365
0.504022
0.110852
0.128912
0.775805
0.494621
0.985481
0.461296
0.898446
0.239008
0.348036
0.937144
0.49054
0.508943
0.638799
0.252304
0.764634
0.317063
0.020679
0.270502
0.436903
0.186899
0.189268
0.453516
0.017685
0.024459
0.987591
0.705417
0.344188
0.71637
0.200533
0.755866
0.730398
0.579592
0.903969
0.207481
0.109168
0.78768
0.743563
0.37226
0.541493
0.898618
0.518272
0.02207
0.467975
0.609217
0.443525
0.1782
0.077478
0.861067
0.469096
0.064972
0.167968
0.423061
0.026661
0.352414
0.874534
0.075475
0.582048
0.813007
0.639612
0.520612
0.367163
0.517475
0.800381
0.145008
0.666621
0.694658
0.168354
0.758206
0.034047
0.38043
0.976158
0.433083
0.813073
0.980692
0.566496
0.572748
0.338026
0.873422
0.198299
0.328998
0.189295
0.174787
0.345069
0.497336
0.87839
0.794319
0.860404
0.013554
0.337691
0.904155
0.385712
0.176881
0.589877
0.947335
0.375116
0.724683
0.972052
0.310168
0.112542
0.883738
0.289549
0.783657
0.095997
0.523067
0.274431
0.938985
0.164033
0.533327
0.723669
0.54207
0.7394
0.55777
0.692017
0.132174
0.564888
0.199761
0.114571
0.889582
0.306349
0.831859
0.234012
0.917338
0.397918
0.131467
0.207541
0.062047
0.504409
0.468031
0.268503
0.398739
0.975912
0.266815
0.817689
0.504794
0.669563
0.474234
0.819339
0.647927
0.513515
0.249743
0.876822
0.013247
0.188087
0.009298
0.363007
0.094361
0.299104
0.945376
0.980323
0.373555
0.418425
0.148555
0.125504
0.416033
0.366659
0.455659
0.434024
0.503214
0.113065
0.149466
0.879216
0.930098
0.667643
0.634978
0.801082
0.091691
0.340411
0.217248
0.239788
0.483494
0.742872
0.105784
0.948851
0.741054
0.906663
0.770495
0.463004
0.843572
0.894395
0.77422
0.595761
0.60659
0.277685
0.206804
0.741659
0.588716
0.857365
0.845746
0.358192
0.537436
0.000888
0.168404
0.002434
0.49897
0.971915
0.340763
0.297345
0.717201
0.627097
0.307774
0.202772
0.446663
0.855035
0.110239
0.966124
0.804592
0.132433
0.553276
0.127753
0.787036
0.572443
0.351332
0.956004
0.574037
0.840185
0.874772
0.686969
0.248864
0.310466
0.623017
0.943912
0.056315
0.842682
0.549256
0.711398
0.325082
0.547908
0.361712
0.239097
0.179175
0.923174
0.926475
0.250281
0.16341
0.727931
0.896898
0.830008
0.907963
0.977703
0.694554
0.367994
0.956979
0.429927
0.966752
0.931169
0.88625
0.936979
0.645622
0.440926
0.834954
0.041391
0.733762
0.030052
0.576454
0.188253
0.941439
0.954352
0.253161
0.929802
0.300362
0.433954
0.900464
0.497198
0.879016
0.799309
0.884712
0.114493
0.724551
0.316871
0.380269
0.429777
0.156244
0.06947
0.010626
0.438526
0.535517
0.266372
0.778579
0.274121
0.637519
0.358022
0.410462
0.24057
0.749269
0.330479
0.239452
0.462406
0.619365
0.554536
0.752934
0.526776
0.384253
0.564533
0.92892
0.492723
0.596059
0.141847
0.486545
0.642648
0.476984
0.078078
0.175611
0.350959
0.52526
0.992924
0.230206
0.44492
0.597668
0.581732
0.111375
0.432667
0.593626
0.66775
0.663864
0.973434
0.865827
0.434059
0.811913
0.964944
0.482449
0.210194
0.919126
0.62301
0.465924
0.188452
0.937395
0.928304
0.133271
0.444887
0.469885
0.815326
0.662989
0.639999
0.873091
0.478555
0.013515
0.774097
0.522943
0.170789
0.318244
0.372364
0.369991
0.868672
0.882108
0.474602
0.908637
0.18041
0.904726
0.804661
0.685437
0.870673
0.055105
0.494568
0.471466
0.377684
0.022914
0.738327
0.22374
0.697496
0.171314
0.750423
0.960711
0.010458
0.416354
0.403999
0.67681
0.424869
0.457925
0.923731
0.421066
0.212812
0.487283
0.008387
0.664778
0.913189
0.496128
0.758069
0.083258
0.67693
0.312253
0.781151
0.876627
0.229398
0.486746
0.855899
0.754678
0.824977
0.157761
0.521777
0.710807
0.568852
0.015853
0.975445
0.709997
0.480973
0.495867
0.646446
0.41587
0.677205
0.320402
0.82757
0.081799
0.04267
0.519824
0.734917
0.731088
0.772274
0.053851
0.372645
0.751204
0.153423
0.1597
0.577397
0.027083
0.965922
0.551788
0.61743
0.73849
0.874069
0.598006
0.721417
0.946447
0.185929
0.597551
0.911947
0.093721
0.354801
0.285319
0.518707
0.544372
0.597868
0.687861
0.746354
0.287371
0.007041
0.455907
0.672072
0.929272
0.526981
0.798441
0.04782
0.10095
0.175318
0.143354
0.282266
0.403407
0.880051
0.649643
0.977403
0.017628
0.30914
0.696187
0.394866
0.103512
0.06728
0.472074
0.22692
0.112859
0.634871
0.793498
0.04715
0.141418
0.424164
0.272217
0.815826
0.445007
0.327606
0.96057
0.814969
0.244681
0.133365
0.598062
0.388089
0.945974
0.183045
0.584505
0.859624
0.897201
0.646589
0.804727
0.00906
0.811819
0.789369
0.429843
0.47474
0.979853
0.606461
0.820084
0.462357
0.393387
0.199113
0.654193
0.133141
0.91111
0.268396
0.410382
0.046729
0.586935
0.101044
0.323853
0.033725
0.287667
0.42248
0.945878
0.872942
0.724752
0.492034
0.429441
0.14834
0.025066
0.815341
0.666453
0.660644
0.965789
0.848936
0.401513
0.768657
0.998323
0.072025
0.447246
0.035249
0.186283
0.800457
0.126193
0.553048
0.18255
0.11787
0.064272
0.324805
0.370379
0.299035
0.460795
0.073457
0.293582
0.100382
0.960052
0.856871
0.50076
0.292715
0.249452
0.862279
0.928605
0.811113
0.509235
0.755397
0.949265
0.897021
0.838737
0.959234
0.206772
0.607528
0.784224
0.237589
0.367523
0.066832
0.093287
0.958237
0.909837
0.834889
0.8208
0.410795
0.077569
0.768259
0.911435
0.554283
0.122778
0.748125
0.38375
0.56937
0.962475
0.650517
0.240827
0.590311
0.374417
0.933707
0.232487
0.99156
0.856974
0.217803
0.594052
0.604087
0.278052
0.231525
0.886682
0.23637
0.438083
0.501168
0.064265
0.875077
0.672076
0.15676
0.89188
0.940442
0.615729
0.230395
0.840812
0.971319
0.260605
0.821764
0.585134
0.11493
0.423374
0.50587
0.224855
0.796301
0.754106
0.35793
0.360624
0.942376
0.408642
0.970463
0.145
0.135835
0.510014
0.837569
0.435284
0.073583
0.52394
0.481395
0.172915
0.704934
0.673365
0.695786
0.114427
0.424488
0.517086
0.282123
0.038965
0.694683
0.817416
0.652353
0.55737
0.473044
0.821933
0.674204
0.647825
0.819117
0.084272
0.133585
0.043059
0.056088
0.948995
0.189179
0.594117
0.862095
0.825511
0.194216
0.735694
0.66622
0.37607
0.260443
0.178027
0.724176
0.742809
0.939272
0.950354
0.248675
0.938867
0.395122
0.920932
0.969492
0.528562
0.445947
0.918621
0.498203
0.721629
0.845948
0.581026
0.872626
0.006518
0.185478
0.054207
0.655937
0.447761
0.783132
0.668945
0.965483
0.772394
0.945021
0.718577
0.806274
0.370451
0.966241
0.463389
0.084169
0.334507
0.249523
0.486576
0.673746
0.663298
0.916073
0.526754
0.915863
0.754395
0.283601
0.912051
0.9199
0.310938
0.586532
0.720747
0.045695
0.787444
0.313413
0.793481
0.940165
0.499665
0.536501
0.722021
0.503617
0.523514
0.608538
0.939596
0.160736
0.508058
0.601719
0.037791
0.811281
0.527562
0.863843
0.435006
0.835443
0.097607
0.066655
0.521469
0.528914
0.480266
0.121369
0.405825
0.342627
0.403337
0.336386
0.388277
0.302191
0.318653
0.192195
0.285296
0.982016
0.324434
0.108466
0.730884
0.409113
0.876723
0.578321
0.579415
0.2716
0.414868
0.044806
0.535022
0.806879
0.026074
0.894538
0.132558
0.744507
0.274019
0.943548
0.195116
0.678761
0.316526
0.790306
0.893106
0.245876
0.437303
0.410939
0.529906
0.480983
0.116745
0.371629
0.179065
0.72973
0.766796
0.033206
0.298074
0.48959
0.254873
0.122926
0.443698
0.555857
0.341858
0.048432
0.21387
0.84733
0.159147
0.328912
0.541148
0.286682
0.849761
0.518431
0.462734
0.110522
0.498528
0.996468
0.492058
0.984139
0.476312
0.000621
0.716921
0.295936
0.323323
0.276519
0.749203
0.00655
0.296476
0.719902
0.65113
0.427665
0.705815
0.385907
0.963111
0.3055
0.165005
0.240528
0.958125
0.584002
0.880881
0.029269
0.247688
0.222709
0.10706
0.637984
0.864362
0.444314
0.886622
0.320907
0.945846
0.786909
0.20884
0.170862
0.145613
0.335918
0.704988
0.206669
0.895124
0.510719
0.008201
0.452733
0.642591
0.780953
0.9024
0.385819
0.193315
0.68752
0.385284
0.124022
0.276576
0.543261
0.770377
0.732914
0.464093
0.18833
0.953143
0.023888
0.56504
0.175254
0.966161
0.21968
0.622633
0.758677
0.948365
0.862092
0.63727
0.064796
0.653341
0.336886
0.141241
0.815478
0.621697
0.390878
0.749996
0.982074
0.14248
0.016217
0.814976
0.74391
0.128673
0.076844
0.303012
0.126475
0.031738
0.052153
0.027277
0.694288
0.920235
0.27282
0.354807
0.673459
0.847496
0.023841
0.515584
0.878937
0.633362
0.88974
0.638182
0.821437
0.184985
0.716972
0.63697
0.36907
0.481691
0.568518
0.075884
0.338643
0.348907
0.045654
0.133758
0.391662
0.146147
0.351925
0.796222
0.610011
0.494064
0.474289
0.399154
0.126324
0.165563
0.856462
0.648701
0.184047
0.265978
0.939444
0.242863
0.002179
0.827308
0.944235
0.219637
0.81971
0.94152
0.271734
0.156723
0.494737
0.55791
0.894831
0.347793
0.033279
0.069533
0.117687
0.080325
0.422768
0.813685
0.077193
0.139995
0.145236
0.611458
0.361627
0.666637
0.745182
0.471355
0.121492
0.486761
0.827135
0.58196
0.047545
0.047634
0.857897
0.71868
0.591008
0.077925
0.148479
0.189548
0.800975
0.099916
0.390721
0.445081
0.153999
0.918264
0.123598
0.477208
0.750869
0.21034
0.504221
0.132261
0.255578
0.34312
0.758517
0.463021
0.951472
0.541642
0.686603
0.244836
0.289591
0.534027
0.597839
0.780792
0.304197
0.79806
0.050582
0.120955
0.270488
0.534335
0.771614
0.820671
0.979501
0.490962
0.130264
0.362929
0.005199
0.764835
0.542217
0.369785
0.338756
0.704469
0.178012
0.727853
0.765011
0.039386
0.351222
0.752855
0.356129
0.361082
0.961329
0.518233
0.457439
0.080538
0.366278
0.472826
0.540457
0.987306
0.059727
0.472609
0.298105
0.535155
0.527981
0.351491
0.357115
0.979274
0.661608
0.156182
0.982613
0.490046
0.096754
0.170115
0.149901
0.368374
0.861134
0.851437
0.35842
0.487583
0.699718
0.810061
0.562903
0.086871
0.455102
0.948772
0.596714
0.041332
0.877567
0.893414
0.462377
0.733536
0.239824
0.837118
0.864289
0.651675
0.131447
0.923608
0.358624
0.839268
0.807997
0.294565
0.49542
0.321434
0.469826
0.926049
0.32786
0.63272
0.845579
0.378991
0.663736
0.571499
0.455371
0.58874
0.434097
0.305924
0.928666
0.818681
0.554097
0.95645
0.751826
0.902907
0.651014
0.779915
0.820365
0.902959
0.034469
0.080184
0.17088
0.303625
0.283831
0.970358
0.267671
0.872806
0.827799
0.11154
0.21905
0.310439
0.891188
0.553171
0.298339
0.811489
0.183887
0.799923
0.14455
0.667995
0.707018
0.230153
0.017761
0.035186
0.051267
0.990929
0.48417
0.986658
0.562421
0.494605
0.905842
0.983609
0.749075
0.641971
0.110146
0.883143
0.307541
0.896956
0.613873
0.610631
0.13893
0.337902
0.777043
0.621138
0.733438
0.810392
0.261406
0.27491
0.296805
0.306644
0.168621
0.251926
0.993968
0.696474
0.23313
0.130513
0.684904
0.934809
0.444716
0.255017
0.527653
0.870771
0.475748
0.017544
0.823537
0.783324
0.288114
0.678763
0.479558
0.768478
0.294845
0.852766
0.462993
0.10306
0.451423
0.780995
0.623167
0.710045
0.651773
0.520228
0.255418
0.850452
0.803951
0.169636
0.782254
0.166801
0.960516
0.261889
0.926688
0.203129
0.878583
0.443335
0.752766
0.526578
0.384574
0.568241
0.948284
0.575534
0.918649
0.332088
0.724688
0.359338
0.63383
0.568939
0.709168
0.134552
0.424806
0.337863
0.203927
0.182796
0.261431
0.923423
0.187656
0.815136
0.201908
0.875226
0.43418
0.728047
0.46066
0.21154
0.123298
0.835928
0.905887
0.911966
0.318813
0.705189
0.361812
0.824176
0.688746
0.714889
0.090619
0.109719
0.842736
0.068949
0.829069
0.353876
0.661633
0.784918
0.75481
0.464594
0.994275
0.784308
0.757373
0.485468
0.09645
0.209484
0.388859
0.447797
0.18705
0.092126
0.869305
0.386693
0.496414
0.498246
0.521745
0.646259
0.18185
0.274768
0.011956
0.598826
0.485353
0.522678
0.767892
0.903256
0.508505
0.921725
0.953805
0.427303
0.97957
0.031697
0.374051
0.959038
0.387764
0.695245
0.681592
0.832342
0.859727
0.667286
0.266171
0.591452
0.15317
0.595954
0.197193
0.819575
0.142716
0.48012
0.596275
0.256567
0.172931
0.728479
0.814497
0.330668
0.653534
0.94519
0.789335
0.229303
0.271801
0.567082
0.95628
0.633946
0.197157
0.477427
0.090149
0.244048
0.65295
0.721272
0.451078
0.215021
0.230419
0.447331
0.610211
0.635291
0.319843
0.201442
0.330066
0.167412
0.033884
0.696591
0.874593
0.978242
0.998111
0.184487
0.123927
0.083178
0.383719
0.553714
0.868814
0.22946
0.557428
0.279431
0.659736
0.443533
0.723575
0.349648
0.585718
0.367475
0.933388
0.293052
0.357825
0.50948
0.836455
0.433407
0.072347
0.533416
0.549375
0.495507
0.028666
0.712431
0.016596
0.687697
0.976818
0.671634
0.238444
0.385956
0.169739
0.544832
0.741338
0.54454
0.595198
0.670329
0.665191
0.958189
0.762416
0.95079
0.843002
0.500899
0.418377
0.00217
0.247631
0.46625
0.568825
0.216698
0.180765
0.134304
0.178945
0.864929
0.57907
0.690061
0.928735
0.361858
0.812533
0.618478
0.398066
0.822096
0.349986
0.701049
0.056425
0.029107
0.66682
0.738956
0.432352
0.943511
0.769895
0.127769
0.83756
0.875444
0.714619
0.408719
0.020743
0.445986
0.489234
0.92153
0.126069
0.46265
0.641277
0.683812
0.331373
0.833931
0.021233
0.62202
0.541016
0.64792
0.018375
0.278971
0.508454
0.539979
0.66379
0.122931
0.763476
0.47448
0.975596
0.583251
0.719145
0.065609
0.921344
0.937584
0.333413
0.562221
0.372605
0.175647
0.700432
0.621774
0.426753
0.964555
0.946551
0.998314
0.470923
0.840718
0.805997
0.269524
0.363169
0.753296
0.251251
0.727843
0.105801
0.084218
0.553099
0.560634
0.385912
0.269765
0.145386
0.444428
0.358094
0.148716
0.669444
0.678223
0.044342
0.16205
0.573216
0.980847
0.726141
0.529221
0.640063
0.077385
0.703742
0.525989
0.822262
0.199664
0.797632
0.988812
0.754186
0.62581
0.967182
0.170804
0.320182
0.383854
0.421491
0.074256
0.652119
0.244413
0.597406
0.384716
0.931646
0.127426
0.379745
0.131637
0.372115
0.047955
0.938696
0.200579
0.75521
0.72605
0.559405
0.821982
0.897252
0.98567
0.838755
0.161498
0.420194
0.067679
0.624333
0.136883
0.202307
0.98189
0.070578
0.586458
0.883551
0.02318
0.187124
0.914124
0.800631
0.576668
0.254327
0.335948
0.726748
0.336952
0.480979
0.853306
0.791026
0.066407
0.279209
0.077587
0.952639
0.017555
0.531577
0.031468
0.404616
0.144482
0.225348
0.051744
0.282339
0.228335
0.828956
0.918721
0.051726
0.041865
0.785659
0.337173
0.9521
0.678047
0.49938
0.893863
0.868752
0.16775
0.18773
0.616625
0.010185
0.511481
0.977224
0.26001
0.765044
0.250181
0.615686
0.442486
0.113744
0.70009
0.176838
0.760219
0.969773
0.976672
0.132074
0.002393
0.825691
0.932608
0.16443
0.593114
0.07881
0.134837
0.099733
0.384861
0.411572
0.005681
0.32994
0.92851
0.6016
0.253011
0.103669
0.344911
0.136449
0.714492
0.05891
0.923038
0.008037
0.740878
0.372932
0.569692
0.061768
0.24338
0.904366
0.235772
0.27534
0.530092
0.702489
0.444107
0.34224
0.056474
0.258686
0.043851
0.934928
0.214908
0.875102
0.316438
0.022708
0.28831
0.525482
0.558105
0.619291
0.692803
0.583199
0.26397
0.335032
0.634459
0.791468
0.038681
0.108871
0.305099
0.850751
0.358618
0.494953
0.742154
0.998342
0.310668
0.878934
0.477593
0.955148
0.432552
0.998979
0.100911
0.614654
0.779721
0.146445
0.86118
0.849072
0.343817
0.421252
0.433159
0.807686
0.947686
0.416942
0.972476
0.082374
0.741966
0.710426
0.58486
0.115327
0.428226
0.531414
0.334446
0.223948
0.333679
0.986541
0.916136
0.617944
0.462445
0.213173
0.117026
0.783604
0.64839
0.837901
0.191895
0.610262
0.934514
0.11473
0.277753
0.633948
0.303912
0.117945
0.972456
0.773233
0.887294
0.364671
0.202382
0.932251
0.772063
0.242123
0.504171
0.845917
0.537964
0.614533
0.84552
0.542328
0.644288
0.984774
0.110054
0.797354
0.793643
0.585672
0.371244
0.956414
0.397287
0.775997
0.080402
0.49844
0.267018
0.116149
0.293729
0.717034
0.658638
0.498529
0.063426
0.893801
0.791967
0.707596
0.117874
0.338882
0.972425
0.784616
0.955869
0.673667
0.439182
0.572094
0.479924
0.730696
0.064859
0.812895
0.293633
0.44575
0.031801
0.17905
0.788097
0.11713
0.609906
0.60526
0.14241
0.407119
0.161023
0.30207
0.363211
0.460634
0.494909
0.823746
0.488297
0.51607
0.701743
0.565832
0.079302
0.383323
0.586217
0.067397
0.12843
0.164007
0.828171
0.492966
0.504258
0.588855
0.994807
0.669145
0.061602
0.347313
0.529457
0.050924
0.540438
0.784309
0.841911
0.992682
0.378894
0.339227
0.625318
0.69886
0.565299
0.102054
0.524638
0.229339
0.654295
0.86172
0.281663
0.934498
0.072019
0.021628
0.481602
0.694958
0.835331
0.757366
0.026219
0.341015
0.810125
0.791612
0.458546
0.626766
0.633686
0.161221
0.26415
0.133912
0.426118
0.351505
0.273966
0.480255
0.415831
0.172696
0.293691
0.207885
0.604095
0.753598
0.084739
0.72605
0.593647
0.027431
0.821765
0.683711
0.706375
0.084853
0.151744
0.146791
0.515049
0.769175
0.979615
0.955109
0.914126
0.88877
0.105489
0.634002
0.854612
0.421655
0.83842
0.235629
0.867988
0.087272
0.711736
0.484971
0.504198
0.660453
0.424932
0.605514
0.8087
0.402572
0.137128
0.199621
0.963579
0.984883
0.237089
0.558587
0.217722
0.279051
0.714808
0.777388
0.231059
0.389863
0.259648
0.049115
0.957862
0.305135
0.210051
0.514094
0.194106
0.537794
0.479807
0.038693
0.913901
0.135165
0.585885
0.298822
0.519972
0.430429
0.90283
0.543114
0.133217
0.911278
0.268717
0.410794
0.046317
0.580754
0.067672
0.179244
0.466412
0.185278
0.913957
0.816242
0.671839
0.68486
0.062607
0.2119
0.707935
0.34051
0.671645
0.965284
0.746896
0.793818
0.040847
0.100722
0.236707
0.513739
0.952076
0.088802
0.964128
0.985554
0.236173
0.547051
0.156747
0.017023
0.69142
0.995312
0.749089
0.536726
0.478555
0.040799
0.937797
0.259588
0.117356
0.367844
0.150866
0.594596
0.209782
0.907331
0.555946
0.169701
0.014687
0.560815
0.232706
0.348907
0.999082
0.854333
0.134258
0.116549
0.490973
0.896901
0.962644
0.703757
0.558752
0.018692
0.083391
0.332111
0.242153
0.463916
0.60412
0.449477
0.259777
0.51337
0.742227
0.833036
0.318168
0.411688
0.606615
0.934499
0.147461
0.474275
0.518498
0.842512
0.388589
0.748928
0.996265
0.23724
0.45705
0.607143
0.529406
0.712149
0.508242
0.640111
0.266495
0.837969
0.629354
0.234406
0.74225
0.343847
0.382829
0.202349
0.768638
0.790687
0.826376
0.842073
0.615055
0.111676
0.134558
0.802264
0.602563
0.395001
0.946934
0.1266
0.237191
0.283748
0.567767
0.852866
0.007299
0.367997
0.14229
0.541769
0.970002
0.944093
0.934544
0.110427
0.25166
0.516118
0.83177
0.345559
0.587428
0.414535
0.200361
0.471353
0.024869
0.907036
0.218391
0.147026
0.916632
0.176564
0.80969
0.269066
0.327187
0.54153
0.30449
0.953173
0.978628
0.293214
0.951633
0.070872
0.860534
0.525358
0.407341
0.715828
0.628898
0.330938
0.325546
0.974838
0.919113
0.741134
0.174787
0.378518
0.698024
0.78148
0.406665
0.406671
0.78004
0.020203
0.100862
0.423345
0.63231
0.983753
0.211728
0.416585
0.593964
0.814516
0.541417
0.91786
0.634409
0.545714
0.564602
0.476186
0.775696
0.368502
0.229742
0.061937
0.303945
0.266236
0.861911
0.775338
0.894832
0.390947
0.292196
0.234651
0.778141
0.556987
0.338654
0.019043
0.066376
0.226869
0.763828
0.541149
0.37244
0.3643
0.833835
0.724314
0.84137
0.529389
0.604005
0.85953
0.721137
0.591054
0.056089
0.017052
0.597513
0.431609
0.212032
0.387714
0.417996
0.018544
0.349302
0.928919
0.429793
0.218487
0.442785
0.690324
0.15688
0.72836
0.958242
0.194213
0.541105
0.498713
0.122328
0.245554
0.372374
0.024257
0.794177
0.546745
0.132881
0.876578
0.063542
0.492049
0.380412
0.854037
0.700507
0.516712
0.795711
0.123859
0.581751
0.375777
0.018901
0.731415
0.218385
0.727573
0.399973
0.851684
0.510343
0.396905
0.788342
0.157904
0.852343
0.692923
0.486454
0.682414
0.7164
0.156678
0.492463
0.544681
0.835916
0.11337
0.156974
0.921514
0.116319
0.404284
0.378838
0.634468
0.39727
0.673408
0.465017
0.729431
0.191437
0.583741
0.779512
0.423405
0.524822
0.338292
0.306349
0.793467
0.00366
0.880762
0.25163
0.582924
0.232871
0.150915
0.809648
0.499652
0.711085
0.769637
0.218059
0.381625
0.327218
0.528681
0.227126
0.604626
0.583623
0.060103
0.108014
0.107153
0.670792
0.060381
0.325156
0.407506
0.518629
0.444224
0.997681
0.988067
0.949279
0.803068
0.274896
0.421765
0.056524
0.543261
0.750845
0.615724
0.936741
0.078931
0.042914
0.547108
0.89642
0.454549
0.659514
0.866145
0.261246
0.77217
0.281813
0.741344
0.911744
0.798373
0.584542
0.321895
0.670488
0.125875
0.720856
0.192262
0.665867
0.264844
0.596259
0.193958
0.797419
0.038894
0.056592
0.989509
0.427725
0.660769
0.115088
0.74361
0.425866
0.862713
0.343479
0.29646
0.687445
0.45653
0.552178
0.204294
0.256163
0.698331
0.884512
0.022096
0.171971
0.832961
0.450025
0.2035
0.170771
0.193131
0.621843
0.99288
0.360689
0.228217
0.123097
0.684631
0.999906
0.837761
0.027413
0.624628
0.501051
0.384653
0.798461
0.328885
0.787161
0.763004
0.49357
0.094388
0.124199
0.8957
0.256404
0.477129
0.555136
0.036653
0.223699
0.012314
0.060594
0.252735
0.971064
0.551772
0.571056
0.460392
0.622844
0.593539
0.955635
0.391961
0.751049
0.97864
0.112404
0.866662
0.188336
0.330052
0.285292
0.741282
0.880065
0.608855
0.73254
0.915545
0.900413
0.162573
0.871722
0.767173
0.757543
0.640703
0.026326
0.391631
0.112851
0.152427
0.8989
0.02156
0.03926
0.041516
0.895757
0.000899
0.943586
0.653419
0.428244
0.688693
0.277964
0.469542
0.315578
0.66759
0.165336
0.983711
0.414236
0.632022
0.064003
0.695824
0.598916
0.331079
0.596234
0.597693
0.220051
0.941068
0.665947
0.526071
0.162899
0.242756
0.990445
0.757864
0.63318
0.978306
0.171214
0.222536
0.794287
0.762896
0.428794
0.7067
0.381054
0.926031
0.126694
0.42589
0.415091
0.657535
0.209392
0.338533
0.146673
0.833239
0.679375
0.577097
0.348203
0.895348
0.238261
0.371429
0.084227
0.162502
0.216968
0.839288
0.083018
0.94452
0.919956
0.019055
0.834722
0.836838
0.50853
0.519638
0.541061
0.569623
0.548195
0.16256
0.041606
0.78659
0.345092
0.991239
0.841608
0.128491
0.196479
0.02245
0.366392
0.996303
0.680284
0.114978
0.567317
0.369095
0.108719
0.33046
0.004288
0.051592
0.270956
0.161408
0.529848
0.726416
0.589863
0.00143
0.699815
0.186024
0.817807
0.232625
0.035492
0.119324
0.396517
0.305181
0.262437
0.82799
0.606008
0.184145
0.650792
0.24745
0.627573
0.538391
0.582182
0.647578
0.64583
0.046773
0.46817
0.388061
0.114835
0.196465
0.145274
0.103455
0.313263
0.948487
0.871553
0.692936
0.31364
0.645418
0.049749
0.489731
0.490647
0.536304
0.801996
0.985241
0.693485
0.293741
0.521086
0.482845
0.207295
0.89816
0.523308
0.056403
0.628653
0.264284
0.927832
0.188434
0.780115
0.984786
0.887677
0.462988
0.788837
0.566125
0.297223
0.688208
0.454241
0.531578
0.101296
0.823571
0.029765
0.766449
0.330812
0.086827
0.543653
0.480477
0.989985
0.615615
0.783826
0.162421
0.920094
0.058775
0.071803
0.901841
0.764819
0.472344
0.950693
0.453061
0.162131
0.895237
0.912242
0.416321
0.287752
0.97962
0.287949
0.91112
0.875174
0.050969
0.429242
0.116737
0.837242
0.972815
0.301714
0.054954
0.614294
0.191178
0.618426
0.989951
0.373874
0.333689
0.637267
0.8204
0.186999
0.738396
0.747385
0.838742
0.30599
0.287264
0.96967
0.23265
0.668868
0.919353
0.496311
0.703684
0.755309
0.198697
0.3944
0.578128
0.919167
0.311854
0.598617
0.785018
0.322554
0.870159
0.317965
0.076361
0.596483
0.891652
0.981566
0.864529
0.353077
0.337705
0.848534
0.051857
0.67434
0.579325
0.406891
0.227417
0.702485
0.168155
0.686562
0.605982
0.456832
0.287151
0.611423
0.084179
0.002262
0.255962
0.515415
0.788829
0.094241
0.465981
0.947718
0.492477
0.425397
0.120095
0.891992
0.2711
0.598669
0.152116
0.524677
0.779016
0.952009
0.700905
0.637354
0.515973
0.359656
0.51418
0.848174
0.461422
0.134968
0.657009
0.727345
0.450986
0.159812
0.899998
0.961682
0.67011
0.365525
0.162158
0.683221
0.639904
0.690434
0.383468
0.086896
0.070166
0.638936
0.202116
0.462274
0.954601
0.56714
0.811437
0.764358
0.283218
0.820082
0.371532
0.848453
0.746927
0.845487
0.350577
0.494085
0.809311
0.409103
0.17082
0.342995
0.520591
0.036597
0.53426
0.876187
0.448783
0.807013
0.803027
0.555045
0.103032
0.622787
0.80943
0.251503
0.224143
0.081333
0.470714
0.092286
0.317293
0.073187
0.583482
0.842213
0.801938
0.231712
0.172828
0.951558
0.153899
0.35937
0.771135
0.392475
0.414638
0.955553
0.001578
0.409488
0.442728
0.970977
0.841305
0.309042
0.282502
0.913638
0.93931
0.413113
0.024893
0.431337
0.363986
0.301889
0.53546
0.495753
0.15538
0.470505
0.424607
0.313097
0.057119
0.524842
0.634982
0.086312
0.803034
0.041396
0.021068
0.753846
0.333469
0.216196
0.295959
0.829984
0.316276
0.427802
0.720326
0.47174
0.347501
0.839346
0.908572
0.897316
0.20675
0.164652
0.127165
0.281123
0.542253
0.723408
0.460173
0.25036
0.360608
0.910408
0.216972
0.10816
0.696215
0.203847
0.957154
0.908296
0.835393
0.837692
0.507614
0.506454
0.470197
0.263101
0.346827
0.713059
0.156907
0.523913
0.731315
0.672675
0.454213
0.671202
0.939297
0.59496
0.116089
0.341888
0.00653
0.962186
0.714348
0.626411
0.329336
0.338319
0.06589
0.350471
0.509817
0.904665
0.839636
0.89583
0.818259
0.847079
0.718148
0.685174
0.647717
0.719732
0.488937
0.456039
0.335799
0.910442
0.440462
0.448797
0.728625
0.332572
0.43781
0.633712
0.861982
0.468485
0.053069
0.102048
0.134666
0.889564
0.125387
0.746248
0.349004
0.377792
0.125717
0.354171
0.993573
0.773901
0.70125
0.242392
0.143101
0.677074
0.77454
0.553569
0.350556
0.121219
0.572306
0.342863
0.906428
0.352797
0.958934
0.578432
0.840184
0.835219
0.449659
0.180977
0.038933
0.604804
0.278433
0.227359
0.858254
0.103296
0.895489
0.443272
0.600232
0.611945
0.269582
0.109984
0.233669
0.412157
0.369925
0.510135
0.731485
0.797696
0.202811
0.037602
0.400312
0.063455
0.77792
0.096425
0.577268
0.595788
0.379315
0.913793
0.068924
0.189407
0.516126
0.392098
0.707452
0.715832
0.927923
0.125046
0.398973
0.268421
0.01977
0.702834
0.039075
0.908941
0.101976
0.431387
0.670534
0.140722
0.809527
0.59066
0.258216
0.233358
0.076204
0.357001
0.456164
0.523979
0.038397
0.514575
0.741876
0.82008
0.243597
0.080857
0.292773
0.028922
0.53858
0.971177
0.979846
0.138483
0.01228
0.827337
0.853502
0.674978
0.368348
0.135286
0.496586
0.761945
0.102393
0.756857
0.619599
0.905886
0.858924
0.000569
0.273099
0.633475
0.342962
0.356491
0.052291
0.105329
0.161355
0.020166
0.668805
0.831337
0.968772
0.330601
0.264661
0.612556
0.293386
0.247316
0.843419
0.83467
0.417248
0.991458
0.193522
0.238006
0.686339
0.975979
0.678822
0.28912
0.625325
0.149869
0.271293
0.278937
0.231982
0.881463
0.200938
0.272461
0.826325
0.5058
0.597874
0.035045
0.829409
0.661049
0.501611
0.060221
0.846832
0.539001
0.612518
0.824096
0.431913
0.174616
0.160475
0.391308
0.903567
0.899636
0.265712
0.497545
0.593861
0.085265
0.166836
0.23363
0.900262
0.298901
0.691046
0.456164
0.51757
0.999944
0.341538
0.04973
0.224537
0.899653
0.377091
0.165666
0.600179
0.110076
0.258847
0.562399
0.04477
0.207035
0.839274
0.172332
0.480528
0.332179
0.66832
0.02031
0.106981
0.459098
0.791752
0.618633
0.586032
0.948495
0.416683
0.96364
0.031699
0.51743
0.819287
0.258856
0.179553
0.747614
0.869703
0.489695
0.110839
0.257779
0.549123
0.974731
0.90628
0.665098
0.834069
0.018533
0.604578
0.460677
0.322858
0.791053
0.840598
0.924106
0.979258
0.558592
0.538232
0.202069
0.368321
0.391309
0.032968
0.676021
0.759418
0.472314
0.999126
0.743931
0.471447
0.133303
0.5568
0.141074
0.835239
0.741771
0.933474
0.924902
0.148149
0.564779
0.05533
0.248966
0.99583
0.734287
0.443248
0.050906
0.3162
0.439048
0.788489
0.779499
0.580593
0.468066
0.583062
0.285776
0.467099
0.230614
0.179786
0.003195
0.401095
0.377816
0.657037
0.541881
0.337954
0.150794
0.863178
0.821925
0.16295
0.580372
0.015683
0.87075
0.08335
0.663349
0.229946
0.409533
0.387687
0.640326
0.352772
0.353697
0.94723
0.500106
0.47557
0.352459
0.83463
0.835648
0.502212
0.492446
0.434767
0.176584
0.146604
0.290368
0.42277
0.923309
0.734923
0.099757
0.984239
0.007617
0.187553
0.05677
0.65264
0.404912
0.55571
0.690049
0.138904
0.62298
0.487745
0.31965
0.528194
0.292315
0.000143
0.370027
0.218877
0.983017
0.928206
0.722089
0.978675
0.37325
0.431426
0.229306
0.493003
0.89426
0.928539
0.522891
0.780497
0.976958
0.837276
0.231036
0.85073
0.025061
0.493794
0.73721
0.979115
0.239806
0.626796
0.602526
0.973991
0.421211
0.761345
0.777168
0.810905
0.870915
0.927352
0.725873
0.009071
0.521568
0.047767
0.592489
0.125031
0.417788
0.381445
0.528582
0.738487
0.673681
0.395708
0.311117
0.30533
0.031927
0.443589
0.374193
0.252859
0.149417
0.620766
0.379845
0.692179
0.734466
0.177184
0.452908
0.122792
0.660582
0.858362
0.204939
0.504374
0.181793
0.551392
0.672212
0.070742
0.37455
0.610618
0.292761
0.261004
0.931174
0.238012
0.047501
0.142899
0.429886
0.293228
0.890397
0.703325
0.20638
0.908354
0.592706
0.381055
0.951972
0.282338
0.126279
0.216637
0.163308
0.030115
0.71092
0.994485
0.56863
0.461415
0.650815
0.752158
0.655612
0.164255
0.085019
0.03182
0.425751
0.268127
0.777007
0.248898
0.500324
0.761868
0.068288
0.552918
0.702913
0.241217
0.121081
0.555536
0.24348
0.461062
0.575052
0.300747
0.629016
0.067376
0.743113
0.852293
0.425745
0.883832
0.47129
0.873251
0.997896
0.128119
0.787647
0.572809
0.348036
0.932933
0.465271
0.395233
0.18396
0.546661
0.624328
0.826017
0.337152
0.588756
0.498172
0.690225
0.657803
0.734791
0.488523
0.318017
0.511393
0.206208
0.634705
0.952364
0.001838
0.439748
0.621947
0.773952
0.046191
0.311577
0.453744
0.918269
0.425919
0.291093
0.913286
0.859884
0.939729
0.899418
0.938945
0.538912
0.782967
0.847588
0.038826
0.604667
0.27857
0.229419
0.869378
0.151499
0.084593
0.144068
0.103073
0.321824
0.003282
0.123281
0.710144
0.151338
0.516727
0.73832
0.779384
0.031419
0.174061
0.761592
0.003008
0.163719
0.955237
0.257953
0.950585
0.381937
0.736355
0.980702
0.257018
0.715787
0.98156
0.447273
0.849602
0.072152
0.786495
0.069597
0.339133
0.408419
0.398323
0.714166
0.700084
0.773011
0.337312
0.066775
0.364845
0.588096
0.244971
0.176961
0.857025
0.549499
0.583768
0.55712
0.08881
0.51878
0.313389
0.211316
0.447394
0.782521
0.668579
0.968779
0.795466
0.053787
0.163529
0.497086
0.510758
0.590777
0.947838
0.370034
0.689663
0.807666
0.639033
0.5652
0.639905
0.752632
0.756645
0.766182
0.787284
0.82807
0.882861
0.844537
0.121472
0.127995
0.674726
0.896402
0.305875
0.767632
0.852915
0.208801
0.576566
0.580193
0.292063
0.530639
0.555266
0.555842
0.337662
0.023392
0.101396
0.397847
0.474515
0.266472
0.328195
0.570919
0.47176
0.692289
0.90789
0.216743
0.129447
0.825994
0.790938
0.311688
0.751685
0.704916
0.464326
0.441714
0.471351
0.852681
0.873931
0.569456
0.551354
0.183023
0.135952
0.168507
0.787473
0.208275
0.162393
0.099882
0.137749
0.92756
0.325617
0.605665
0.70344
0.769653
0.286956
0.794858
0.186545
0.965549
0.11439
0.996398
0.948881
0.725702
0.814284
0.354381
0.797733
0.596964
0.402189
0.040459
0.623055
0.374199
0.637704
0.45843
0.011244
0.9416
0.548403
0.816017
0.960473
0.41868
0.867826
0.438835
0.822579
0.985955
0.512522
0.201538
0.596527
0.765319
0.223172
0.451162
0.698426
0.130098
0.494756
0.797652
0.333112
0.819801
0.920797
0.146578
0.592292
0.234549
0.076662
0.349035
0.404252
0.284198
0.06692
0.843734
0.460126
0.16715
0.861772
0.666279
0.241726
0.453845
0.54754
0.200633
0.27594
0.849946
0.616214
0.047769
0.740689
0.014212
0.419069
0.386511
0.547442
0.806053
0.90934
0.20156
0.025303
0.337781
0.798956
0.753709
0.331653
0.206537
0.254347
0.667247
0.714358
0.280921
0.256306
0.009548
0.750537
0.41729
0.748909
0.737846
0.686896
0.480763
0.702511
0.888204
0.006623
0.0459
0.215793
0.881664
0.347841
0.152074
0.781875
0.322585
0.898633
0.488531
0.843493
0.664175
0.393619
0.384134
0.762235
0.116203
0.837104
0.976797
0.326846
0.1699
0.077785
0.937609
0.925588
0.115051
0.360017
0.124636
0.507666
0.924274
0.976648
0.541425
0.458717
0.879479
0.148415
0.975183
0.515362
0.315526
0.254897
0.689648
0.843816
0.856063
0.542037
0.54765
0.407567
0.516554
0.431223
0.938353
0.749112
0.04949
0.554935
0.884196
0.31076
0.906798
0.643948
0.702504
0.419494
0.194425
0.391104
0.596806
0.060895
0.994117
0.416646
0.552825
0.567134
0.427386
0.460106
0.914163
0.344022
0.836661
0.923771
0.012676
0.762118
0.458626
0.892693
0.228526
0.336913
0.96475
0.75628
0.854931
0.323063
0.244001
0.556434
0.1426
0.847691
0.802746
0.187261
0.89885
0.707749
0.156847
0.571339
0.016417
0.956447
0.59093
0.937553
0.306953
0.403739
0.659856
0.325486
0.014208
0.155874
0.807373
0.441377
0.3819
0.319008
0.476953
0.990641
0.651276
0.991884
0.089818
0.611954
0.863359
0.672565
0.265163
0.537891
0.840876
0.20424
0.657549
0.107138
0.724887
0.38508
0.786497
0.253261
0.441086
0.367174
0.233267
0.095035
0.470803
0.969508
0.579819
0.753342
0.301683
0.03002
0.464968
0.519629
0.933062
0.921713
0.132723
0.50092
0.811019
0.35783
0.847814
0.866409
0.568129
0.611095
0.553408
0.820594
0.942893
0.272008
0.146011
0.427993
0.253859
0.671215
0.742557
0.414407
0.803431
0.090928
0.314684
0.069754
0.586367
0.890417
0.065204
0.377465
0.677958
0.670561
0.921749
0.495441
0.676904
0.602458
0.522616
0.713569
0.57787
0.045104
0.069791
0.012808
0.448734
0.577128
0.424165
0.350834
0.287517
0.567598
0.817937
0.799241
0.434007
0.410878
0.559204
0.657317
0.911069
0.550559
0.103735
0.667375
0.070636
0.417444
0.86894
0.456643
0.919398
0.4066
0.165021
0.330727
0.499169
0.018472
0.618312
0.543626
0.696948
0.289056
0.461804
0.169317
0.859666
0.634143
0.067863
0.699898
0.588615
0.232611
0.098132
0.495294
0.088574
0.073798
0.645619
0.209531
0.446616
0.79392
0.743974
0.318562
0.215603
0.426565
0.618958
0.874665
0.677371
0.192238
0.05709
0.612401
0.160598
0.451979
0.266491
0.531131
0.78837
0.950039
0.604908
0.079098
0.030417
0.470614
0.549933
0.064075
0.435054
0.033648
0.286401
0.415568
0.915802
0.7547
0.285981
0.923587
0.967691
0.493862
0.253957
0.078979
0.188261
0.418756
0.818187
0.140321
0.478244
0.606575
0.335259
0.552378
0.296935
0.810207
0.188832
0.841123
0.347251
0.513404
0.955158
0.110317
0.065479
0.400018
0.810804
0.264656
0.290703
0.362312
0.557547
0.084476
0.488933
0.173311
0.639471
0.277024
0.90691
0.948237
0.527238
0.62929
0.0306
0.519993
0.844556
0.387399
0.723384
0.853715
0.611834
0.987571
0.41892
0.625383
0.982015
0.263641
0.743711
0.089502
0.843608
0.256137
0.944344
0.360833
0.665905
0.747929
0.494427
0.235203
0.961376
0.651433
0.256209
0.674358
0.740267
0.372382
0.57189
0.079896
0.332371
0.275159
0.659615
0.481255
0.950997
0.374688
0.689159
0.762758
0.374119
0.379895
0.912297
0.054733
0.117719
0.213723
0.222866
0.413685
0.476314
0.134722
0.521505
0.916535
0.805667
0.585182
0.260094
0.293923
0.422693
0.890852
0.540872
0.227567
0.49755
0.9372
0.145248
0.436691
0.312912
0.947251
0.867295
0.678516
0.265437
0.485978
0.526935
0.787805
0.984419
0.816263
0.037808
0.880483
0.942625
0.73141
0.904833
0.846304
0.934329
0.989236
0.526454
0.2556
0.795518
0.472706
0.676571
0.805074
0.741302
0.202147
0.541165
0.427664
0.695499
0.324016
0.684603
0.191474
0.987415
0.201229
0.320635
0.112754
0.790807
0.730058
0.26308
0.00796
0.680038
0.008589
0.931194
0.509859
0.678413
0.48174
0.784729
0.372712
0.173709
0.687843
0.563683
0.191505
0.07589
0.731789
0.707726
0.660257
0.592008
0.609734
0.33033
0.494377
0.993294
0.51037
0.12257
0.142095
0.749435
0.217757
0.561626
0.409945
0.405037
0.740716
0.798961
0.127322
0.573281
0.293788
0.603198
0.97509
0.42176
0.754753
0.732672
0.60326
0.025507
0.723708
0.112683
0.162727
0.96221
0.30872
0.192426
0.376074
0.524615
0.763024
0.856609
0.272432
0.925115
0.0988
0.266768
0.711406
0.867526
0.802499
0.00726
0.821066
0.861056
0.776742
0.910946
0.474994
0.651454
0.633774
0.939562
0.933401
0.144349
0.465486
0.493779
0.773298
0.19578
0.214995
0.527949
0.232741
0.64491
0.774788
0.844537
0.094127
0.963929
0.936434
0.943243
0.231555
0.900141
0.316846
0.799813
0.94726
0.485244
0.38612
0.94953
0.222094
0.786794
0.721925
0.250401
0.005078
0.77686
0.615461
0.701028
0.667018
0.692857
0.15398
0.688166
0.74318
0.265581
0.904866
0.038971
0.090026
0.189419
0.326283
0.252927
0.581016
0.209753
0.029376
0.288477
0.466473
0.202551
0.017048
0.279323
0.522508
0.621142
0.024284
0.555427
0.114004
0.685181
0.085054
0.343693
0.296674
0.686804
0.450762
0.523339
0.083169
0.788965
0.985273
0.810952
0.998256
0.690965
0.161488
0.750241
0.048056
0.536166
0.784493
0.881463
0.228344
0.436894
0.566265
0.46555
0.696913
0.991527
0.676943
0.137914
0.735
0.168776
0.397654
0.866944
0.622773
0.934146
0.999917
0.59219
0.553884
0.993591
0.976593
0.917236
0.714079
0.029353
0.749405
0.232253
0.648878
0.802987
0.978023
0.641252
0.045309
0.500581
0.595707
0.069013
0.052712
0.695154
0.696515
0.922707
0.267601
0.301247
0.399071
0.683204
0.507589
0.8967
0.811895
0.801073
0.499379
0.786619
0.225305
0.272259
0.60581
0.184526
0.654866
0.268462
0.716976
0.8857
0.861414
0.197187
0.430397
0.807702
0.972636
0.566497
0.645261
0.773094
0.831215
0.029443
0.695722
0.909339
0.19454
0.983188
0.148263
0.04089
0.910971
0.09781
0.388127
0.448469
0.197671
0.149806
0.119797
0.37053
0.145006
0.535268
0.906554
0.621913
0.572496
0.837759
0.874086
0.704685
0.361339
0.82587
0.703166
0.786164
0.38849
0.255467
0.036389
0.919135
0.187306
0.851622
0.423975
0.879254
0.459754
0.845236
0.933627
0.994638
0.565182
0.43935
0.549464
0.342637
0.110645
0.580135
0.485004
0.688808
0.767809
0.407582
0.535216
0.543057
0.441398
0.760869
0.592635
0.707989
0.914221
0.11342
0.452535
0.694428
0.09375
0.312654
0.03217
0.379133
0.985268
0.499415
0.129072
0.279704
0.516572
0.582094
0.843419
0.821669
0.339243
0.64044
0.789453
0.97276
0.731483
0.634053
0.220977
0.619383
0.727503
0.79057
0.1959
0.060263
0.598484
0.048535
0.90485
0.992292
0.810097
0.929955
0.288856
0.363548
0.581581
0.217551
0.071079
0.468518
0.171391
0.81169
0.327617
0.660492
0.014406
0.142003
0.722365
0.056163
0.835693
0.508698
0.530945
0.607392
0.865847
0.728552
0.578692
0.915185
0.282877
0.460599
0.217705
0.160836
0.00567
0.586498
0.467958
0.529272
0.964006
0.02059
0.447482
0.49958
0.970145
0.32465
0.216594
0.377719
0.316964
0.502314
0.161209
0.446425
0.227671
0.348205
0.040191
0.107299
0.282072
0.72674
0.821791
0.390087
0.944402
0.155624
0.434126
0.204143
0.31772
0.069036
0.554734
0.707079
0.249869
0.1355
0.564186
0.16561
0.915989
0.005444
0.788762
0.683578
0.002607
0.863442
0.157191
0.172166
0.618276
0.160155
0.39645
0.937305
0.055782
0.898944
0.891626
0.259258
0.530918
0.852185
0.334844
0.339401
0.022812
0.082261
0.288256
0.989187
0.340822
0.142248
0.786088
0.436298
0.542995
0.331285
0.100759
0.622985
0.831083
0.379633
0.79805
0.371596
0.047131
0.938421
0.206347
0.79229
0.896615
0.24908
0.424943
0.307939
0.023152
0.367461
0.996394
0.67122
0.059771
0.317649
0.367954
0.348888
0.781741
0.550455
0.267057
0.648247
0.485971
0.081602
0.115869
0.960798
0.721962
0.684594
0.609904
0.498077
0.499329
0.513276
0.585695
0.89469
0.096882
0.529079
0.302538
0.053519
0.598271
0.107955
0.263288
0.608131
0.279196
0.201997
0.699223
0.377363
0.971169
0.430749
0.843974
0.187103
0.526854
0.477199
0.121507
0.434253
0.511957
0.163466
0.373179
0.767882
0.248685
0.581169
0.248848
0.262566
0.335764
0.651488
0.887051
0.458914
0.770022
0.489907
0.009241
0.646284
0.794534
0.950649
0.553087
0.762685
0.598327
0.725796
0.969839
0.286867
0.992651
0.374103
0.310754
0.4976
0.188814
0.654484
0.227582
0.475134
0.802569
0.539206
0.012118
0.219857
0.210078
0.281753
0.799818
0.263132
0.380429
0.914388
0.062469
0.145323
0.309717
0.550398
0.514932
0.136013
0.181691
0.866027
0.560942
0.571406
0.379959
0.1371
0.402969
0.183913
0.476757
0.205327
0.941146
0.798934
0.323285
0.749303
0.586258
0.77382
0.366594
0.23519
0.111789
0.554026
0.318054
0.922087
0.67004
0.721453
0.298361
0.297092
0.097299
0.909971
0.58413
0.315043
0.633088
0.963138
0.081033
0.817958
0.178454
0.709099
0.648507
0.509151
0.218339
0.72768
0.401026
0.85704
0.533003
0.48466
0.110931
0.303649
0.823513
0.20824
0.837824
0.152785
0.376293
0.882694
0.909527
0.512914
0.89174
0.73421
0.379601
0.669717
0.601895
0.583913
0.086426
0.263336
0.802186
0.443086
0.438848
0.645309
0.922225
0.725569
0.053385
0.79019
0.260676
0.452347
0.367997
0.136858
0.509175
0.823332
0.357417
0.734512
0.190322
0.531324
0.475046
0.068358
0.134732
0.193167
0.946413
0.939977
0.122145
0.273082
0.539187
0.777382
0.811606
0.873204
0.934768
0.749769
0.085701
0.766289
0.826425
0.061947
0.933857
0.04562
0.869006
0.803461
0.999707
0.767094
0.605208
0.727398
0.917514
0.958506
0.493406
0.333886
0.562663
0.371003
0.162051
0.633277
0.341207
0.347747
0.015624
0.964016
0.643482
0.18475
0.317158
0.240202
0.586786
0.358899
0.87232
0.003832
0.172111
0.998176
0.440053
0.656738
0.97995
0.969057
0.994786
0.247204
0.530157
0.956102
0.965199
0.186277
0.430872
0.908735
0.574563
0.268763
0.441512
0.230205
0.407626
0.373908
0.574819
0.083741
0.329075
0.220775
0.362978
0.190892
0.878554
0.553295
0.412785
0.497052
0.267247
0.13002
0.374892
0.079176
0.101022
0.893551
0.452107
0.670684
0.955137
0.694664
0.571754
0.178549
0.925509
0.946114
0.3471
0.567575
0.281551
0.581134
0.952845
0.48686
0.345561
0.691619
0.039671
0.013453
0.723679
0.220995
0.812858
0.888189
0.013413
0.086779
0.399955
0.618717
0.112713
0.107823
0.632521
0.824719
0.25562
0.111252
0.36693
0.200307
0.899474
0.594081
0.469224
0.468615
0.588677
0.314524
0.589049
0.70358
0.920035
0.187993
0.847639
0.393899
0.734644
0.862777
0.564864
0.624188
0.661352
0.35042
0.150349
0.74832
0.136775
0.08577
0.283647
0.929951
0.026882
0.791735
0.508475
0.925235
0.975137
0.523709
0.366018
0.482729
0.60221
0.268698
0.192294
0.735481
0.682242
0.474125
0.704572
0.960305
0.420679
0.88133
0.50187
0.07925
0.958666
0.03875
0.604499
0.27825
0.229007
0.86979
0.157679
0.117965
0.288678
0.670386
0.424213
0.511806
0.252917
0.911247
0.191229
0.946154
0.955862
0.219788
0.715975
0.317757
0.462761
0.916757
0.33569
0.763325
0.558743
0.482535
0.86652
0.856304
0.339147
0.328139
0.916516
0.545843
0.026416
0.245903
0.237679
0.212944
0.138557
0.914848
0.242073
0.218803
0.134162
0.835744
0.807005
0.320338
0.658983
0.070851
0.49426
0.327904
0.519083
0.163358
0.308402
0.380194
0.50554
0.6115
0.119138
0.211328
0.19572
0.27237
0.872744
0.785133
0.856102
0.070412
0.717552
0.671609
0.571681
0.385605
0.168503
0.540575
0.726918
0.496337
0.435758
0.147515
0.963265
0.451961
0.042375
0.186602
0.738244
0.75004
0.856046
0.385917
0.611089
0.193284
0.659901
0.219844
0.379962
0.30117
0.387367
0.613668
0.19571
0.651248
0.146096
0.015346
0.777209
0.52514
0.155956
0.209476
0.853251
0.234223
0.726075
0.248447
0.956003
0.499998
0.395961
0.875779
0.691028
0.264154
0.365673
0.816653
0.608863
0.303306
0.340062
0.310621
0.803171
0.023435
0.912072
0.261514
0.360439
0.809009
0.610101
0.379526
0.786254
0.301786
0.734428
0.690498
0.533133
0.984316
0.107704
0.787375
0.754916
0.443123
0.864496
0.198865
0.412727
0.686574
0.404908
0.250276
0.857488
0.89244
0.637251
0.791544
0.014006
0.96014
0.634785
0.167447
0.291616
0.242677
0.831517
0.805007
0.346387
0.833258
0.882067
0.793082
0.81989
0.7816
0.310591
0.829143
0.179536
0.614933
0.073771
0.908235
0.785464
0.538674
0.162867
0.129134
0.309002
0.691807
0.369825
0.992686
0.627685
0.831937
0.342461
0.567331
0.321836
0.825036
0.053692
0.896823
0.897715
0.314878
0.809839
0.025128
0.862219
0.94716
0.922993
0.013515
0.774158
0.523309
0.172437
0.324836
0.397084
0.458981
0.180136
0.949985
0.078685
0.922242
0.82529
0.651558
0.481744
0.02644
0.822941
0.699687
0.791658
0.452762
0.591655
0.475069
0.525517
0.877486
0.535259
0.31418
0.067755
0.578905
0.863638
0.971682
0.057349
0.598958
0.077604
0.075005
0.751596
0.83453
0.242816
0.946131
0.491439
0.433455
0.177775
0.165556
0.393367
0.870195
0.680866
0.253443
0.392866
0.076213
0.921479
0.84296
0.764446
3.2e-05
0.120184
0.720811
0.243214
0.971981
0.642962
0.109948
0.873026
0.248625
0.634516
0.569473
0.706192
0.111892
0.315627
0.886731
0.479743
0.897879
0.069582
0.336584
0.393267
0.330344
0.442663
0.682878
0.113299
0.533899
0.183697
0.297092
0.129283
0.10187
0.447669
0.769185
0.586088
0.593865
0.288399
0.385613
0.718089
0.838013
0.565279
0.849555
0.009817
0.412905
0.389075
0.618307
0.208161
0.684207
0.231789
0.232874
0.311139
0.770973
0.825585
0.014749
0.658231
0.816643
0.975778
0.504879
0.247272
0.939722
0.412884
0.019811
0.402909
0.239152
0.808735
0.70004
0.921623
0.229376
0.081653
0.42553
0.818308
0.080076
0.115686
0.973433
0.799418
0.035613
0.018917
0.792987
0.587671
0.389143
0.045817
0.772612
0.223323
0.386431
0.308677
0.374181
0.466996
0.434343
0.403096
0.509489
0.429073
0.989031
0.07253
0.533904
0.550657
0.498803
0.036905
0.732206
0.06109
0.776684
0.110296
0.671616
0.037034
0.177661
0.73266
0.797009
0.188116
0.955615
0.040642
0.643319
0.494136
0.174943
0.602436
0.040126
0.818834
0.551869
0.941709
0.683435
0.625225
0.600436
0.975594
0.449639
0.917491
0.458193
0.491735
0.826676
0.534442
0.766563
0.789405
0.837363
0.919529
0.980906
0.60968
0.829926
0.492432
0.48526
0.479676
0.510715
0.747202
0.886779
0.595853
0.594107
0.201969
0.864849
0.371373
0.444595
0.32521
0.949904
0.772534
0.086064
0.563582
0.606914
0.569248
0.953258
0.596317
0.998575
0.624602
0.760432
0.941177
0.803176
0.348462
0.862189
0.036977
0.462159
0.440157
0.481514
0.927665
0.232366
0.045212
0.179979
0.672964
0.417972
0.45115
0.945156
0.610585
0.157104
0.447356
0.270199
0.594991
0.138154
0.474002
0.600625
0.337732
0.620771
0.685035
0.523276
0.974338
0.136545
0.050231
0.072476
0.982777
0.244383
0.621302
0.528366
0.578476
0.71556
0.087079
0.082435
0.710898
0.523471
0.742745
0.745232
0.786692
0.013061
0.998137
0.871271
0.244398
0.624949
0.55011
0.676118
0.105716
0.549235
0.343965
0.120671
0.628339
0.683997
0.448932
0.537622
0.185344
0.27347
0.972724
0.375112
0.496157
0.600927
0.140152
0.432572
0.334062
0.111226
0.660797
0.963744
0.835294
0.338066
0.51075
0.021904
0.534674
0.010913
0.253413
0.422256
0.252822
0.716627
0.024363
0.696531
0.959924
0.490766
0.305275
0.414757
0.741066
0.713584
0.611914
0.249225
0.988124
0.685717
0.221184
0.155647
0.943229
0.258549
0.062238
0.046487
0.718777
0.894275
0.896662
0.331496
0.919018
0.530645
0.912704
0.700422
0.9882
0.625396
0.858581
0.522916
0.410271
0.75538
0.839839
0.240618
0.885155
0.145362
0.905783
0.126438
0.606578
0.501527
0.549959
0.786017
0.766468
0.524653
0.24971
0.776384
0.410908
0.477993
0.169788
0.716791
0.772657
0.184824
0.155026
0.266745
0.205234
0.830698
0.137084
0.346219
0.843558
0.945377
0.080242
0.973056
0.116159
0.93945
0.591268
0.092559
0.233946
0.570642
0.318341
0.774268
0.780539
0.714815
0.264044
0.150926
0.529163
0.816646
0.137406
0.474627
0.611108
0.394999
0.870026
0.665164
0.160744
0.977989
0.421241
0.725546
0.562106
0.84272
0.997366
0.399723
0.422038
0.934723
0.809998
0.44748
0.3949
0.342079
0.498374
0.911533
0.983837
0.699222
0.340801
0.751803
0.443612
0.895442
0.380143
0.221882
0.91
0.463062
0.588373
0.362683
0.880743
0.020311
0.195181
0.988284
0.173075
0.143888
0.305658
0.538954
0.482797
0.0462
0.932028
0.176363
0.669928
0.432301
0.56445
0.495993
0.895908
0.911509
0.405884
0.231721
0.737368
0.33872
0.396013
0.327597
0.401463
0.4604
0.149236
0.751814
0.167766
0.240268
0.931711
0.427855
0.181728
0.239671
0.802479
0.657833
0.72469
0.427639
0.043629
0.413023
0.085473
0.795633
0.004545
0.86657
0.158519
0.151978
0.4852
0.5434
0.893597
0.470983
0.783525
0.462301
0.722077
0.171753
0.531831
0.645205
0.084754
0.701681
0.447297
0.368654
0.186252
0.799633
0.121524
0.532448
0.100975
0.81382
0.974145
0.520489
0.355627
0.449358
0.495505
0.928807
0.113296
0.32051
0.903394
0.535774
0.084098
0.682622
0.33885
0.889505
0.287382
0.718743
0.726024
0.887453
0.790503
0.755938
0.421104
0.723181
0.549151
0.786276
0.775303
0.575329
0.474247
0.667522
0.736911
0.413767
0.8504
0.378502
0.617408
0.297933
0.230927
0.704163
0.146639
0.542363
0.934432
0.725323
0.942052
0.124403
0.267955
0.488099
0.517001
0.709114
0.601676
0.228031
0.953107
0.666358
0.420185
0.523892
0.361685
0.45508
0.475316
0.75618
0.259231
0.74977
0.165539
0.245304
0.981975
0.684116
0.266917
0.444457
0.264493
0.586844
0.140627
0.562171
0.10738
0.584744
0.542044
0.989564
0.058995
0.447888
0.156379
0.907277
0.036254
0.05203
0.985893
0.44709
0.8095
0.833194
0.713663
0.783233
0.276425
0.609456
0.168915
0.528382
0.650058
0.144906
0.018917
0.809345
0.685818
0.8308
0.812438
0.397429
0.072626
0.858901
0.499768
0.268498
0.113082
0.262005
0.554295
0.967726
0.817699
0.196659
0.820659
0.154023
0.538211
0.843059
0.214448
0.69916
0.264931
0.297142
0.398476
0.716577
0.713176
0.829866
0.560611
0.894877
0.32376
0.888668
0.418171
0.511013
0.302541
0.216124
0.57388
0.498159
0.824035
0.460784
0.348387
0.943263
0.524095
0.655201
0.214352
0.389301
0.406642
0.936144
0.957084
0.317205
0.289475
0.882004
0.686754
0.182485
0.914125
0.842381
0.827162
0.381541
0.844789
0.634862
0.206068
0.522655
0.281313
0.983985
0.37209
0.376675
0.911245
0.077393
0.263154
0.88239
0.925947
0.614174
0.351525
0.581582
0.325771
0.720386
0.390376
0.858781
0.6393
0.106774
0.886943
0.360689
0.181645
0.843672
0.427226
0.970307
0.97681
0.128091
0.977261
0.710744
0.469116
0.418
0.285951
0.953709
0.148695
0.308786
0.514462
0.307698
0.216032
0.526911
0.217177
0.560863
0.410586
0.415749
0.79922
0.053573
0.128462
0.288616
0.575533
0.855658
0.95415
0.023979
0.556525
0.123342
0.731325
0.277866
0.085278
0.010868
0.297711
0.688452
0.451312
0.511802
0.009009
0.447834
0.605923
0.605032
0.176881
0.616001
0.104077
0.080449
0.546004
0.551983
0.397861
0.419322
0.935181
0.83719
0.606511
0.104353
0.16752
0.065944
0.887986
0.734424
0.414667
0.878188
0.53712
0.319033
0.080114
0.609392
0.935323
0.12741
0.346556
0.932643
0.476853
0.467333
0.512319
0.86792
0.596649
0.768615
0.241849
0.533561
0.024723
0.346295
0.855262
0.014913
0.392121
0.218508
0.781958
0.725176
0.313437
0.354038
0.303295
0.633425
0.0709
0.724572
0.709329
0.73483
0.025016
0.536627
0.994616
0.138053
0.876776
0.018176
0.218071
0.144844
0.906424
0.134952
0.651897
0.696811
0.313792
0.61145
0.844574
0.564393
0.785191
0.631604
0.722908
0.653007
0.411871
0.594163
0.858143
0.801387
0.085038
0.297747
0.021139
0.447115
0.492439
0.930593
0.151613
0.534336
0.841503
0.239992
0.866431
0.038655
0.434051
0.256407
0.631982
0.484234
0.217564
0.947279
0.725596
0.828063
0.438017
0.175531
0.111034
0.08643
0.519268
0.337743
0.353043
0.078568
0.294024
0.05703
0.695962
0.662502
0.711352
0.305596
0.431405
0.838068
0.145766
0.331981
0.679993
0.092135
0.432868
0.767996
0.712162
0.361003
0.756562
0.290345
0.933017
0.984994
0.512812
0.21193
0.656266
0.03023
0.274987
0.377848
0.792205
0.352599
0.985745
0.741079
0.574769
0.778903
0.500496
0.992851
0.452643
0.780201
0.607419
0.622702
0.269443
0.012338
0.649045
0.783226
0.857949
0.098657
0.870403
0.334506
0.173409
0.0299
0.618722
0.443234
0.090901
0.556303
0.519708
0.111521
0.99176
0.946868
0.755367
0.010395
0.264064
0.490831
0.56841
0.992979
0.842187
0.116314
0.118199
0.662368
0.910412
0.501164
0.813277
0.369183
0.895605
0.050981
0.245442
0.013822
0.873955
0.119331
0.850395
0.028388
0.516774
0.845152
0.419947
0.913314
0.700361
0.98234
0.590789
0.703671
0.904928
0.096529
0.434821
0.740163
0.527587
0.504055
0.276051
0.11981
0.2344
0.328108
0.859049
0.201323
0.476496
0.047071
0.993966
0.540156
0.295243
0.910051
0.803119
0.62826
0.541488
0.594588
0.694133
0.81351
0.633859
0.481563
0.18465
0.773829
0.981125
0.922286
0.703595
0.920997
0.193623
0.87277
0.494013
0.109144
0.20875
0.270202
0.742459
0.02294
0.455508
0.526588
0.059959
0.620458
0.18312
0.514601
0.439525
0.005738
0.078708
0.420602
0.815241
0.106033
0.299026
0.839856
0.347908
0.528739
0.041265
0.488939
0.562245
0.97302
0.777917
0.91032
0.460666
0.571115
0.280696
0.544145
0.738607
0.534332
0.558531
0.5422
0.226422
0.478735
0.834613
0.69906
0.682842
0.805516
0.687512
0.875434
0.064992
0.511047
0.481351
0.288689
0.399973
0.801633
0.210044
0.045567
0.383007
0.887943
0.880595
0.292083
0.827146
0.33413
0.560466
0.355622
0.08954
0.336643
0.213999
0.254209
0.599266
0.307717
0.452905
0.947979
0.611729
0.138564
0.325817
0.707828
0.314614
0.517238
0.271899
0.976249
0.410407
0.676198
0.363525
0.095368
0.300477
0.944552
0.963019
0.277148
0.99572
0.479988
0.918448
0.190801
0.878768
0.555401
0.423497
0.542371
0.442756
0.775197
0.666382
0.021516
0.131656
0.596292
0.39285
0.99047
0.40717
0.528792
0.508221
0.290196
0.167189
0.391368
0.843506
0.538727
0.640809
0.996311
0.210581
0.296692
0.884918
0.639282
0.871427
0.47503
0.007336
0.768741
0.546428
0.359896
0.241524
0.210075
0.086737
0.629747
0.997853
0.319397
0.935698
0.739621
0.01644
0.44205
0.504342
0.047601
0.746533
0.050788
0.585927
0.05847
0.07748
0.938646
0.93456
0.159547
0.546237
0.841501
0.132871
0.223716
0.14646
0.865315
0.873746
0.454643
0.864143
0.093071
0.781136
0.849175
0.064828
0.746394
0.894912
0.65193
0.857372
0.276857
0.944799
0.177079
0.559282
0.761982
0.538357
0.372303
0.388608
0.980918
0.388036
0.499954
0.507401
0.544816
0.702289
0.310388
0.54173
0.456886
0.865745
0.082496
0.703268
0.477144
0.533452
0.906417
0.637432
0.666844
0.264172
0.583441
0.123094
0.4876
0.81775
0.5181
0.748849
0.830196
0.241535
0.977444
0.690846
0.348081
0.870872
0.092505
0.717183
0.47055
0.36865
0.976953
0.543867
0.470619
0.928918
0.337931
0.667327
0.962584
0.769556
0.954085
0.798505
0.204261
0.039021
0.39578
0.023491
0.578926
0.26214
0.362499
0.815738
0.631936
0.449977
0.012436
0.024825
0.037031
0.998759
0.659271
0.966796
0.867339
0.502864
0.211138
0.741048
0.546051
0.606871
0.726772
0.898791
0.851798
0.021674
0.463855
0.588067
0.35371
0.829656
0.794539
0.300335
0.651157
0.20393
0.363163
0.343609
0.793187
0.666639
0.861154
0.167171
0.252644
0.011318
0.794117
0.662839
0.829979
0.014321
0.616115
0.567797
0.861747
0.060309
0.606129
0.093991
0.108787
0.8068
0.861715
0.909088
0.699095
0.012783
0.784839
0.59399
0.500384
0.656394
0.434912
0.701922
0.297326
0.466655
0.123996
0.544075
0.148492
0.994273
0.62921
0.82681
0.297965
0.346502
0.397325
0.26543
0.016657
0.711075
0.116531
0.299512
0.748299
0.794184
0.03041
0.034803
0.935127
0.297538
0.369086
0.536671
0.898252
0.559473
0.272564
0.600133
0.147721
0.485125
0.581259
0.121431
0.49726
0.890674
0.868707
0.196179
0.358708
0.386641
0.091473
0.069067
0.591143
0.925254
0.231237
0.060136
0.279683
0.13687
0.304072
0.592606
0.818987
0.580465
0.11191
0.447271
0.676437
0.033188
0.111191
0.368456
0.210012
0.943969
0.773709
0.146537
0.915839
0.176198
0.814634
0.302026
0.480449
0.164462
0.662727
0.496209
0.012704
0.610347
0.547747
0.793357
0.830419
0.842301
0.580035
0.899498
0.176673
0.964558
0.197295
0.502743
0.240802
0.920129
0.353558
0.840185
0.859085
0.59285
0.825335
0.616355
0.270115
0.073498
0.009954
0.398241
0.299855
0.214965
0.591093
0.61187
0.351388
0.601496
0.446486
0.265454
0.574346
0.056992
0.172836
0.524094
0.589036
0.81737
0.602897
0.261053
0.140245
0.491992
0.689753
0.710585
0.055737
0.939153
0.133285
0.347333
0.884438
0.180627
0.123821
0.117283
0.589305
0.480288
0.577979
0.145283
0.669887
0.711778
0.241689
0.044128
0.089567
0.140253
0.035413
0.950203
0.382501
0.743176
0.016546
0.410692
0.315235
0.195187
0.334003
0.247341
0.478015
0.642023
0.550001
0.521799
0.180784
0.388512
0.704019
0.727506
0.028863
0.62562
0.493955
0.333154
0.553324
0.321563
0.949462
0.802702
0.271051
0.401989
0.972478
0.216963
0.54948
0.344209
0.119938
0.621747
0.651037
0.310502
0.003681
0.227564
0.332259
0.945478
0.682534
0.585901
0.372602
0.962502
0.421594
0.867047
0.407935
0.644184
0.193692
0.364492
0.443726
0.38193
0.298042
0.350882
0.422914
0.379552
0.471085
0.410538
0.223465
0.645949
0.864514
0.37354
0.460617
0.401841
0.26549
0.976372
0.46882
0.025572
0.934045
0.374126
0.838351
0.662971
0.432668
0.629272
0.881622
0.626281
0.823087
0.301994
0.404182
0.707145
0.605231
0.26708
0.155396
0.528659
0.773385
0.88238
0.333817
0.06148
0.364525
0.633829
0.522245
0.42901
0.873852
0.382023
0.427473
0.126626
0.9125
0.33537
0.799719
0.779986
0.482444
0.874791
0.906751
0.567391
0.243586
0.354994
0.937693
0.431211
0.148034
0.007304
0.711518
0.203372
0.816568
0.069059
0.06524
0.769908
0.03229
0.264565
0.296776
0.399575
0.726465
0.762615
0.03751
0.361523
0.831547
0.735576
0.929537
0.957039
0.376396
0.645028
0.4826
0.090346
0.198681
0.378973
0.485703
0.503466
0.649466
0.365604
0.348431
0.800144
0.66499
0.788641
0.746935
0.383841
0.580632
0.029218
0.949624
0.43478
0.062062
0.459348
0.197532
0.051062
0.528582
0.711935
0.514376
0.678839
0.443653
0.552363
0.321304
0.956558
0.847609
0.476636
0.231329
0.098255
0.507563
0.161086
0.398449
0.940922
0.05949
0.888643
0.796454
0.780932
0.51751
0.076669
0.802425
0.124529
0.525352
0.031347
0.459917
0.477376
0.725004
0.053644
0.796828
0.298168
0.617556
0.021828
0.57296
0.241311
0.291225
0.575548
0.832265
0.813659
0.391569
0.026482
0.634776
0.570312
0.708893
0.120544
0.34323
0.974485
0.757835
0.77665
0.839379
0.046426
0.724148
0.927052
0.04498
0.926413
0.153658
0.584234
0.122484
0.476796
0.758423
0.259368
0.730406
0.04812
0.715068
0.857332
0.70838
0.53429
0.830317
0.173295
0.566912
0.841819
0.948704
0.115857
0.156806
0.898121
0.977476
0.781762
0.89329
0.323882
0.903683
0.507162
0.909823
0.894478
0.178459
0.020454
0.516592
0.915468
0.84348
0.821669
0.338694
0.637144
0.774621
0.913433
0.509007
0.833144
0.417797
0.008488
0.290753
0.668127
0.391986
0.338768
0.504737
0.979513
0.334445
0.191049
0.136287
0.098283
0.363117
0.294153
0.49687
0.33384
0.531213
0.18272
0.315404
0.247939
0.648998
0.662539
0.134254
0.842672
0.847747
0.50244
0.384913
0.78752
0.260905
0.477754
0.518375
0.810467
0.197423
0.890333
0.565196
0.378175
0.182284
0.690131
0.500233
0.79022
0.239221
0.323346
0.787086
0.812399
0.79062
0.432132
0.477212
0.974085
0.549605
0.530863
0.238738
0.65466
0.779319
0.783971
0.689957
0.084
0.29439
0.010336
0.412508
0.382026
0.579579
0.039244
0.019252
0.762316
0.400625
0.542908
0.651826
0.024783
0.282267
0.470549
0.282892
0.462415
0.228463
0.209039
0.19807
0.30707
0.05979
0.595112
0.032558
0.839344
0.743037
0.904129
0.737443
0.287494
0.087977
0.940415
0.850694
0.640431
0.186337
0.354147
0.447848
0.499763
0.967947
0.309818
0.147379
0.095916
0.249083
0.631251
0.54576
0.593305
0.647989
0.548184
