1505103.0
2006181357.0
1286123975.0
398529877.0
1553481727.0
1439154173.0
1096040439.0
66306021.0
1270890415.0
586137357.0
668744999.0
884717429.0
1437083231.0
660042525.0
1763924311.0
348195845.0
1246241807.0
48720941.0
1961051271.0
590400917.0
925329599.0
238369341.0
1692184247.0
1565330469.0
604775535.0
278097229.0
520570855.0
620550069.0
1185646367.0
1528927581.0
650231831.0
878460997.0
1566163151.0
1490829933.0
1291962183.0
776754645.0
1622802815.0
598541437.0
1870925175.0
1543710821.0
1013872943.0
779774861.0
1996243623.0
664520693.0
1053317087.0
339216285.0
1145378519.0
1671840901.0
1870122383.0
469133485.0
1016084999.0
1874308629.0
2101086783.0
32710333.0
613833783.0
1241126053.0
1922252271.0
363379149.0
2059873639.0
498894901.0
1634375839.0
1021233629.0
7953815.0
1594038469.0
902711887.0
1807343341.0
572169415.0
51828309.0
1603896063.0
566987005.0
1851759351.0
1712705765.0
52851375.0
2082625549.0
1282672679.0
1837308021.0
1627277663.0
1817828381.0
556438615.0
2010561797.0
612972303.0
615163181.0
321712007.0
688770709.0
1237216191.0
1224360765.0
506186167.0
607804709.0
1238636399.0
1961576013.0
621728487.0
1108572341.0
1055877663.0
653082205.0
858045207.0
1418015045.0
785683407.0
541899629.0
475214407.0
121673429.0
748078207.0
1245924733.0
742844535.0
1833679205.0
21507119.0
805799053.0
346262951.0
1267837173.0
195689183.0
501018781.0
1244910039.0
812807557.0
115105935.0
1965302189.0
18441479.0
1750282005.0
1745784127.0
1164617661.0
2013067063.0
1596843429.0
53391599.0
981144269.0
1111373927.0
2132912437.0
647625631.0
1869411037.0
1092868247.0
469928389.0
1573690703.0
917821421.0
2081130439.0
2078906197.0
185714175.0
1731482109.0
127530487.0
214229477.0
137602479.0
1045033229.0
736809767.0
1458010485.0
2116775007.0
1726039325.0
2042679127.0
1016688133.0
600918543.0
897769005.0
2125830791.0
380096405.0
327970495.0
694438973.0
1214899383.0
1039445541.0
1745029743.0
1115168589.0
1723162087.0
302455221.0
1338658079.0
1014884189.0
483833367.0
211493445.0
1209427663.0
1058157677.0
1906548039.0
1915869141.0
778733439.0
314480253.0
1320731511.0
799099493.0
1497947951.0
1795792269.0
1588189351.0
1956940277.0
1742904799.0
1434900893.0
1513196759.0
460039813.0
2026369935.0
1575410349.0
1952550919.0
1831579669.0
2006454335.0
1996959933.0
366121527.0
1403958949.0
833692655.0
956459981.0
383009639.0
132368949.0
1642094239.0
71310301.0
681399191.0
1299118789.0
1662120015.0
428134637.0
494629575.0
1262049365.0
973146367.0
922884861.0
1073959159.0
285274853.0
635951279.0
1248233997.0
1765842471.0
1508432501.0
1747947359.0
1206758941.0
98962007.0
470359813.0
1931500815.0
913315629.0
981288327.0
1962856597.0
798060991.0
7558461.0
1452736439.0
58457893.0
161021295.0
440006733.0
1190848743.0
1037548213.0
1950101535.0
215191645.0
920105239.0
1436422981.0
337590735.0
1982639469.0
267585607.0
941627605.0
1094011519.0
236904317.0
165256823.0
1006885733.0
259035695.0
1082177165.0
2014258087.0
198470389.0
242368735.0
1815462557.0
121522135.0
1569838981.0
1882883727.0
1463718829.0
426294023.0
121712917.0
1188598591.0
1741207997.0
1897344311.0
8161189.0
152737519.0
842974413.0
1535725159.0
1627581237.0
238928287.0
1817724125.0
166055575.0
1816685509.0
815678287.0
1428802029.0
1231707591.0
973478229.0
1197951999.0
573891581.0
1251716087.0
197788645.0
658705327.0
24650509.0
662006055.0
1602698101.0
1510650463.0
1082070813.0
1486505303.0
1327878149.0
1031172111.0
678580269.0
1233383559.0
1293078933.0
952988863.0
522673725.0
1001593527.0
1305497637.0
966127727.0
489738573.0
685732839.0
1854233525.0
658838303.0
149829981.0
1411886103.0
680395845.0
2112818383.0
110896749.0
977367879.0
571169237.0
1073155455.0
1298409597.0
279542135.0
728984677.0
1858028847.0
292343693.0
64188071.0
2049002485.0
978904031.0
317303709.0
1683620567.0
803539077.0
406067599.0
1647004845.0
1932453383.0
1066643989.0
1892685375.0
1756316349.0
2093664311.0
1050106021.0
342559215.0
1194335693.0
1935497575.0
863964213.0
649208991.0
414543325.0
939346327.0
1905188037.0
829527631.0
715375341.0
1121470663.0
290445909.0
239374079.0
969714941.0
1516439287.0
371201253.0
1464155823.0
1149156365.0
159986727.0
1354931317.0
247256415.0
26574877.0
81625175.0
250577157.0
768836367.0
210340141.0
784964487.0
669242005.0
1245738943.0
1451255613.0
1790850487.0
1978769701.0
49931119.0
1818012237.0
1868758759.0
1292893365.0
1675949599.0
567140957.0
1204201239.0
2120938821.0
1887821775.0
828415853.0
865001031.0
2029230805.0
95408255.0
1636725117.0
371741815.0
384826725.0
1110767663.0
1053681805.0
620149159.0
680209653.0
647399135.0
2057475229.0
75808215.0
1264925061.0
464825487.0
2142045613.0
78909703.0
522400533.0
276732223.0
1253755837.0
736977719.0
1727998373.0
1587707119.0
416708301.0
1095787623.0
676867381.0
641566623.0
2052560605.0
98813079.0
1447185861.0
1351346511.0
1525857261.0
1287992263.0
437689173.0
1771622911.0
248083965.0
576283127.0
1224943077.0
15626671.0
1954174221.0
846987047.0
379256181.0
1095104607.0
1009838365.0
498056023.0
342241797.0
1865913871.0
1672856109.0
1833846407.0
242340757.0
2129296063.0
2004774973.0
1454919863.0
1423962661.0
1891948143.0
683508557.0
2105903591.0
41393589.0
622582047.0
1215466333.0
1689559575.0
1345644101.0
1457763023.0
930748525.0
1054558535.0
98098133.0
1834980223.0
1537063549.0
1297493879.0
393842277.0
1423026991.0
698614157.0
2121860263.0
1183221.0
237709791.0
1415609757.0
2059303127.0
1762814597.0
633094031.0
818134701.0
1358445575.0
787461141.0
1088691263.0
1592480957.0
1904148023.0
1387526821.0
1925246959.0
1211224013.0
677539687.0
1754156597.0
132115103.0
37666781.0
1184448407.0
325238469.0
2028813391.0
655799533.0
707862215.0
492461141.0
878974207.0
841694973.0
1434369271.0
1030960869.0
1866376367.0
1919610381.0
1162725927.0
437280373.0
749083487.0
558977565.0
907081303.0
411689733.0
748857615.0
787938093.0
135393671.0
163370133.0
1909161407.0
1394702653.0
1923181495.0
1134248741.0
234277231.0
1934842957.0
910628071.0
935083701.0
1709816863.0
1843147869.0
2112986391.0
384554821.0
470320591.0
1508413805.0
522630215.0
297475285.0
1376147071.0
1284637565.0
1764952695.0
1175461733.0
1905614383.0
854530701.0
861556647.0
1773530869.0
739691743.0
1361274525.0
1510421463.0
1106025349.0
1632293519.0
1987016621.0
1526425351.0
2012820757.0
